45
0 1 1
0 2 2
0 3 3
0 4 4
0 5 5
0 6 6
0 7 7
0 8 8
0 9 9
0 10 10
0 11 11
0 12 12
0 13 13
0 14 14
0 15 15
0 16 16
0 17 17
0 18 18
0 19 19
0 20 20
0 21 21
0 22 22
0 23 23
0 24 24
0 25 25
0 26 26
0 27 27
0 28 28
0 29 29
0 30 30
0 31 31
0 32 32
0 33 33
0 34 34
0 35 35
0 36 36
0 37 37
0 38 38
0 39 39
0 40 40
0 41 41
0 42 42
0 43 43
0 44 44
1 2 1
1 3 2
1 4 3
1 5 4
1 6 5
1 7 6
1 8 7
1 9 8
1 10 9
1 11 10
1 12 11
1 13 12
1 14 13
1 15 14
1 16 15
1 17 16
1 18 17
1 19 18
1 20 19
1 21 20
1 22 21
1 23 22
1 24 23
1 25 24
1 26 25
1 27 26
1 28 27
1 29 28
1 30 29
1 31 30
1 32 31
1 33 32
1 34 33
1 35 34
1 36 35
1 37 36
1 38 37
1 39 38
1 40 39
1 41 40
1 42 41
1 43 42
1 44 43
2 3 1
2 4 2
2 5 3
2 6 4
2 7 5
2 8 6
2 9 7
2 10 8
2 11 9
2 12 10
2 13 11
2 14 12
2 15 13
2 16 14
2 17 15
2 18 16
2 19 17
2 20 18
2 21 19
2 22 20
2 23 21
2 24 22
2 25 23
2 26 24
2 27 25
2 28 26
2 29 27
2 30 28
2 31 29
2 32 30
2 33 31
2 34 32
2 35 33
2 36 34
2 37 35
2 38 36
2 39 37
2 40 38
2 41 39
2 42 40
2 43 41
2 44 42
3 4 1
3 5 2
3 6 3
3 7 4
3 8 5
3 9 6
3 10 7
3 11 8
3 12 9
3 13 10
3 14 11
3 15 12
3 16 13
3 17 14
3 18 15
3 19 16
3 20 17
3 21 18
3 22 19
3 23 20
3 24 21
3 25 22
3 26 23
3 27 24
3 28 25
3 29 26
3 30 27
3 31 28
3 32 29
3 33 30
3 34 31
3 35 32
3 36 33
3 37 34
3 38 35
3 39 36
3 40 37
3 41 38
3 42 39
3 43 40
3 44 41
4 5 1
4 6 2
4 7 3
4 8 4
4 9 5
4 10 6
4 11 7
4 12 8
4 13 9
4 14 10
4 15 11
4 16 12
4 17 13
4 18 14
4 19 15
4 20 16
4 21 17
4 22 18
4 23 19
4 24 20
4 25 21
4 26 22
4 27 23
4 28 24
4 29 25
4 30 26
4 31 27
4 32 28
4 33 29
4 34 30
4 35 31
4 36 32
4 37 33
4 38 34
4 39 35
4 40 36
4 41 37
4 42 38
4 43 39
4 44 40
5 6 1
5 7 2
5 8 3
5 9 4
5 10 5
5 11 6
5 12 7
5 13 8
5 14 9
5 15 10
5 16 11
5 17 12
5 18 13
5 19 14
5 20 15
5 21 16
5 22 17
5 23 18
5 24 19
5 25 20
5 26 21
5 27 22
5 28 23
5 29 24
5 30 25
5 31 26
5 32 27
5 33 28
5 34 29
5 35 30
5 36 31
5 37 32
5 38 33
5 39 34
5 40 35
5 41 36
5 42 37
5 43 38
5 44 39
6 7 1
6 8 2
6 9 3
6 10 4
6 11 5
6 12 6
6 13 7
6 14 8
6 15 9
6 16 10
6 17 11
6 18 12
6 19 13
6 20 14
6 21 15
6 22 16
6 23 17
6 24 18
6 25 19
6 26 20
6 27 21
6 28 22
6 29 23
6 30 24
6 31 25
6 32 26
6 33 27
6 34 28
6 35 29
6 36 30
6 37 31
6 38 32
6 39 33
6 40 34
6 41 35
6 42 36
6 43 37
6 44 38
7 8 1
7 9 2
7 10 3
7 11 4
7 12 5
7 13 6
7 14 7
7 15 8
7 16 9
7 17 10
7 18 11
7 19 12
7 20 13
7 21 14
7 22 15
7 23 16
7 24 17
7 25 18
7 26 19
7 27 20
7 28 21
7 29 22
7 30 23
7 31 24
7 32 25
7 33 26
7 34 27
7 35 28
7 36 29
7 37 30
7 38 31
7 39 32
7 40 33
7 41 34
7 42 35
7 43 36
7 44 37
8 9 1
8 10 2
8 11 3
8 12 4
8 13 5
8 14 6
8 15 7
8 16 8
8 17 9
8 18 10
8 19 11
8 20 12
8 21 13
8 22 14
8 23 15
8 24 16
8 25 17
8 26 18
8 27 19
8 28 20
8 29 21
8 30 22
8 31 23
8 32 24
8 33 25
8 34 26
8 35 27
8 36 28
8 37 29
8 38 30
8 39 31
8 40 32
8 41 33
8 42 34
8 43 35
8 44 36
9 10 1
9 11 2
9 12 3
9 13 4
9 14 5
9 15 6
9 16 7
9 17 8
9 18 9
9 19 10
9 20 11
9 21 12
9 22 13
9 23 14
9 24 15
9 25 16
9 26 17
9 27 18
9 28 19
9 29 20
9 30 21
9 31 22
9 32 23
9 33 24
9 34 25
9 35 26
9 36 27
9 37 28
9 38 29
9 39 30
9 40 31
9 41 32
9 42 33
9 43 34
9 44 35
10 11 1
10 12 2
10 13 3
10 14 4
10 15 5
10 16 6
10 17 7
10 18 8
10 19 9
10 20 10
10 21 11
10 22 12
10 23 13
10 24 14
10 25 15
10 26 16
10 27 17
10 28 18
10 29 19
10 30 20
10 31 21
10 32 22
10 33 23
10 34 24
10 35 25
10 36 26
10 37 27
10 38 28
10 39 29
10 40 30
10 41 31
10 42 32
10 43 33
10 44 34
11 12 1
11 13 2
11 14 3
11 15 4
11 16 5
11 17 6
11 18 7
11 19 8
11 20 9
11 21 10
11 22 11
11 23 12
11 24 13
11 25 14
11 26 15
11 27 16
11 28 17
11 29 18
11 30 19
11 31 20
11 32 21
11 33 22
11 34 23
11 35 24
11 36 25
11 37 26
11 38 27
11 39 28
11 40 29
11 41 30
11 42 31
11 43 32
11 44 33
12 13 1
12 14 2
12 15 3
12 16 4
12 17 5
12 18 6
12 19 7
12 20 8
12 21 9
12 22 10
12 23 11
12 24 12
12 25 13
12 26 14
12 27 15
12 28 16
12 29 17
12 30 18
12 31 19
12 32 20
12 33 21
12 34 22
12 35 23
12 36 24
12 37 25
12 38 26
12 39 27
12 40 28
12 41 29
12 42 30
12 43 31
12 44 32
13 14 1
13 15 2
13 16 3
13 17 4
13 18 5
13 19 6
13 20 7
13 21 8
13 22 9
13 23 10
13 24 11
13 25 12
13 26 13
13 27 14
13 28 15
13 29 16
13 30 17
13 31 18
13 32 19
13 33 20
13 34 21
13 35 22
13 36 23
13 37 24
13 38 25
13 39 26
13 40 27
13 41 28
13 42 29
13 43 30
13 44 31
14 15 1
14 16 2
14 17 3
14 18 4
14 19 5
14 20 6
14 21 7
14 22 8
14 23 9
14 24 10
14 25 11
14 26 12
14 27 13
14 28 14
14 29 15
14 30 16
14 31 17
14 32 18
14 33 19
14 34 20
14 35 21
14 36 22
14 37 23
14 38 24
14 39 25
14 40 26
14 41 27
14 42 28
14 43 29
14 44 30
15 16 1
15 17 2
15 18 3
15 19 4
15 20 5
15 21 6
15 22 7
15 23 8
15 24 9
15 25 10
15 26 11
15 27 12
15 28 13
15 29 14
15 30 15
15 31 16
15 32 17
15 33 18
15 34 19
15 35 20
15 36 21
15 37 22
15 38 23
15 39 24
15 40 25
15 41 26
15 42 27
15 43 28
15 44 29
16 17 1
16 18 2
16 19 3
16 20 4
16 21 5
16 22 6
16 23 7
16 24 8
16 25 9
16 26 10
16 27 11
16 28 12
16 29 13
16 30 14
16 31 15
16 32 16
16 33 17
16 34 18
16 35 19
16 36 20
16 37 21
16 38 22
16 39 23
16 40 24
16 41 25
16 42 26
16 43 27
16 44 28
17 18 1
17 19 2
17 20 3
17 21 4
17 22 5
17 23 6
17 24 7
17 25 8
17 26 9
17 27 10
17 28 11
17 29 12
17 30 13
17 31 14
17 32 15
17 33 16
17 34 17
17 35 18
17 36 19
17 37 20
17 38 21
17 39 22
17 40 23
17 41 24
17 42 25
17 43 26
17 44 27
18 19 1
18 20 2
18 21 3
18 22 4
18 23 5
18 24 6
18 25 7
18 26 8
18 27 9
18 28 10
18 29 11
18 30 12
18 31 13
18 32 14
18 33 15
18 34 16
18 35 17
18 36 18
18 37 19
18 38 20
18 39 21
18 40 22
18 41 23
18 42 24
18 43 25
18 44 26
19 20 1
19 21 2
19 22 3
19 23 4
19 24 5
19 25 6
19 26 7
19 27 8
19 28 9
19 29 10
19 30 11
19 31 12
19 32 13
19 33 14
19 34 15
19 35 16
19 36 17
19 37 18
19 38 19
19 39 20
19 40 21
19 41 22
19 42 23
19 43 24
19 44 25
20 21 1
20 22 2
20 23 3
20 24 4
20 25 5
20 26 6
20 27 7
20 28 8
20 29 9
20 30 10
20 31 11
20 32 12
20 33 13
20 34 14
20 35 15
20 36 16
20 37 17
20 38 18
20 39 19
20 40 20
20 41 21
20 42 22
20 43 23
20 44 24
21 22 1
21 23 2
21 24 3
21 25 4
21 26 5
21 27 6
21 28 7
21 29 8
21 30 9
21 31 10
21 32 11
21 33 12
21 34 13
21 35 14
21 36 15
21 37 16
21 38 17
21 39 18
21 40 19
21 41 20
21 42 21
21 43 22
21 44 23
22 23 1
22 24 2
22 25 3
22 26 4
22 27 5
22 28 6
22 29 7
22 30 8
22 31 9
22 32 10
22 33 11
22 34 12
22 35 13
22 36 14
22 37 15
22 38 16
22 39 17
22 40 18
22 41 19
22 42 20
22 43 21
22 44 22
23 24 1
23 25 2
23 26 3
23 27 4
23 28 5
23 29 6
23 30 7
23 31 8
23 32 9
23 33 10
23 34 11
23 35 12
23 36 13
23 37 14
23 38 15
23 39 16
23 40 17
23 41 18
23 42 19
23 43 20
23 44 21
24 25 1
24 26 2
24 27 3
24 28 4
24 29 5
24 30 6
24 31 7
24 32 8
24 33 9
24 34 10
24 35 11
24 36 12
24 37 13
24 38 14
24 39 15
24 40 16
24 41 17
24 42 18
24 43 19
24 44 20
25 26 1
25 27 2
25 28 3
25 29 4
25 30 5
25 31 6
25 32 7
25 33 8
25 34 9
25 35 10
25 36 11
25 37 12
25 38 13
25 39 14
25 40 15
25 41 16
25 42 17
25 43 18
25 44 19
26 27 1
26 28 2
26 29 3
26 30 4
26 31 5
26 32 6
26 33 7
26 34 8
26 35 9
26 36 10
26 37 11
26 38 12
26 39 13
26 40 14
26 41 15
26 42 16
26 43 17
26 44 18
27 28 1
27 29 2
27 30 3
27 31 4
27 32 5
27 33 6
27 34 7
27 35 8
27 36 9
27 37 10
27 38 11
27 39 12
27 40 13
27 41 14
27 42 15
27 43 16
27 44 17
28 29 1
28 30 2
28 31 3
28 32 4
28 33 5
28 34 6
28 35 7
28 36 8
28 37 9
28 38 10
28 39 11
28 40 12
28 41 13
28 42 14
28 43 15
28 44 16
29 30 1
29 31 2
29 32 3
29 33 4
29 34 5
29 35 6
29 36 7
29 37 8
29 38 9
29 39 10
29 40 11
29 41 12
29 42 13
29 43 14
29 44 15
30 31 1
30 32 2
30 33 3
30 34 4
30 35 5
30 36 6
30 37 7
30 38 8
30 39 9
30 40 10
30 41 11
30 42 12
30 43 13
30 44 14
31 32 1
31 33 2
31 34 3
31 35 4
31 36 5
31 37 6
31 38 7
31 39 8
31 40 9
31 41 10
31 42 11
31 43 12
31 44 13
32 33 1
32 34 2
32 35 3
32 36 4
32 37 5
32 38 6
32 39 7
32 40 8
32 41 9
32 42 10
32 43 11
32 44 12
33 34 1
33 35 2
33 36 3
33 37 4
33 38 5
33 39 6
33 40 7
33 41 8
33 42 9
33 43 10
33 44 11
34 35 1
34 36 2
34 37 3
34 38 4
34 39 5
34 40 6
34 41 7
34 42 8
34 43 9
34 44 10
35 36 1
35 37 2
35 38 3
35 39 4
35 40 5
35 41 6
35 42 7
35 43 8
35 44 9
36 37 1
36 38 2
36 39 3
36 40 4
36 41 5
36 42 6
36 43 7
36 44 8
37 38 1
37 39 2
37 40 3
37 41 4
37 42 5
37 43 6
37 44 7
38 39 1
38 40 2
38 41 3
38 42 4
38 43 5
38 44 6
39 40 1
39 41 2
39 42 3
39 43 4
39 44 5
40 41 1
40 42 2
40 43 3
40 44 4
41 42 1
41 43 2
41 44 3
42 43 1
42 44 2
43 44 1
1 0 44
2 0 43
2 1 44
3 0 42
3 1 43
3 2 44
4 0 41
4 1 42
4 2 43
4 3 44
5 0 40
5 1 41
5 2 42
5 3 43
5 4 44
6 0 39
6 1 40
6 2 41
6 3 42
6 4 43
6 5 44
7 0 38
7 1 39
7 2 40
7 3 41
7 4 42
7 5 43
7 6 44
8 0 37
8 1 38
8 2 39
8 3 40
8 4 41
8 5 42
8 6 43
8 7 44
9 0 36
9 1 37
9 2 38
9 3 39
9 4 40
9 5 41
9 6 42
9 7 43
9 8 44
10 0 35
10 1 36
10 2 37
10 3 38
10 4 39
10 5 40
10 6 41
10 7 42
10 8 43
10 9 44
11 0 34
11 1 35
11 2 36
11 3 37
11 4 38
11 5 39
11 6 40
11 7 41
11 8 42
11 9 43
11 10 44
12 0 33
12 1 34
12 2 35
12 3 36
12 4 37
12 5 38
12 6 39
12 7 40
12 8 41
12 9 42
12 10 43
12 11 44
13 0 32
13 1 33
13 2 34
13 3 35
13 4 36
13 5 37
13 6 38
13 7 39
13 8 40
13 9 41
13 10 42
13 11 43
13 12 44
14 0 31
14 1 32
14 2 33
14 3 34
14 4 35
14 5 36
14 6 37
14 7 38
14 8 39
14 9 40
14 10 41
14 11 42
14 12 43
14 13 44
15 0 30
15 1 31
15 2 32
15 3 33
15 4 34
15 5 35
15 6 36
15 7 37
15 8 38
15 9 39
15 10 40
15 11 41
15 12 42
15 13 43
15 14 44
16 0 29
16 1 30
16 2 31
16 3 32
16 4 33
16 5 34
16 6 35
16 7 36
16 8 37
16 9 38
16 10 39
16 11 40
16 12 41
16 13 42
16 14 43
16 15 44
17 0 28
17 1 29
17 2 30
17 3 31
17 4 32
17 5 33
17 6 34
17 7 35
17 8 36
17 9 37
17 10 38
17 11 39
17 12 40
17 13 41
17 14 42
17 15 43
17 16 44
18 0 27
18 1 28
18 2 29
18 3 30
18 4 31
18 5 32
18 6 33
18 7 34
18 8 35
18 9 36
18 10 37
18 11 38
18 12 39
18 13 40
18 14 41
18 15 42
18 16 43
18 17 44
19 0 26
19 1 27
19 2 28
19 3 29
19 4 30
19 5 31
19 6 32
19 7 33
19 8 34
19 9 35
19 10 36
19 11 37
19 12 38
19 13 39
19 14 40
19 15 41
19 16 42
19 17 43
19 18 44
20 0 25
20 1 26
20 2 27
20 3 28
20 4 29
20 5 30
20 6 31
20 7 32
20 8 33
20 9 34
20 10 35
20 11 36
20 12 37
20 13 38
20 14 39
20 15 40
20 16 41
20 17 42
20 18 43
20 19 44
21 0 24
21 1 25
21 2 26
21 3 27
21 4 28
21 5 29
21 6 30
21 7 31
21 8 32
21 9 33
21 10 34
21 11 35
21 12 36
21 13 37
21 14 38
21 15 39
21 16 40
21 17 41
21 18 42
21 19 43
21 20 44
22 0 23
22 1 24
22 2 25
22 3 26
22 4 27
22 5 28
22 6 29
22 7 30
22 8 31
22 9 32
22 10 33
22 11 34
22 12 35
22 13 36
22 14 37
22 15 38
22 16 39
22 17 40
22 18 41
22 19 42
22 20 43
22 21 44
23 0 22
23 1 23
23 2 24
23 3 25
23 4 26
23 5 27
23 6 28
23 7 29
23 8 30
23 9 31
23 10 32
23 11 33
23 12 34
23 13 35
23 14 36
23 15 37
23 16 38
23 17 39
23 18 40
23 19 41
23 20 42
23 21 43
23 22 44
24 0 21
24 1 22
24 2 23
24 3 24
24 4 25
24 5 26
24 6 27
24 7 28
24 8 29
24 9 30
24 10 31
24 11 32
24 12 33
24 13 34
24 14 35
24 15 36
24 16 37
24 17 38
24 18 39
24 19 40
24 20 41
24 21 42
24 22 43
24 23 44
25 0 20
25 1 21
25 2 22
25 3 23
25 4 24
25 5 25
25 6 26
25 7 27
25 8 28
25 9 29
25 10 30
25 11 31
25 12 32
25 13 33
25 14 34
25 15 35
25 16 36
25 17 37
25 18 38
25 19 39
25 20 40
25 21 41
25 22 42
25 23 43
25 24 44
26 0 19
26 1 20
26 2 21
26 3 22
26 4 23
26 5 24
26 6 25
26 7 26
26 8 27
26 9 28
26 10 29
26 11 30
26 12 31
26 13 32
26 14 33
26 15 34
26 16 35
26 17 36
26 18 37
26 19 38
26 20 39
26 21 40
26 22 41
26 23 42
26 24 43
26 25 44
27 0 18
27 1 19
27 2 20
27 3 21
27 4 22
27 5 23
27 6 24
27 7 25
27 8 26
27 9 27
27 10 28
27 11 29
27 12 30
27 13 31
27 14 32
27 15 33
27 16 34
27 17 35
27 18 36
27 19 37
27 20 38
27 21 39
27 22 40
27 23 41
27 24 42
27 25 43
27 26 44
28 0 17
28 1 18
28 2 19
28 3 20
28 4 21
28 5 22
28 6 23
28 7 24
28 8 25
28 9 26
28 10 27
28 11 28
28 12 29
28 13 30
28 14 31
28 15 32
28 16 33
28 17 34
28 18 35
28 19 36
28 20 37
28 21 38
28 22 39
28 23 40
28 24 41
28 25 42
28 26 43
28 27 44
29 0 16
29 1 17
29 2 18
29 3 19
29 4 20
29 5 21
29 6 22
29 7 23
29 8 24
29 9 25
29 10 26
29 11 27
29 12 28
29 13 29
29 14 30
29 15 31
29 16 32
29 17 33
29 18 34
29 19 35
29 20 36
29 21 37
29 22 38
29 23 39
29 24 40
29 25 41
29 26 42
29 27 43
29 28 44
30 0 15
30 1 16
30 2 17
30 3 18
30 4 19
30 5 20
30 6 21
30 7 22
30 8 23
30 9 24
30 10 25
30 11 26
30 12 27
30 13 28
30 14 29
30 15 30
30 16 31
30 17 32
30 18 33
30 19 34
30 20 35
30 21 36
30 22 37
30 23 38
30 24 39
30 25 40
30 26 41
30 27 42
30 28 43
30 29 44
31 0 14
31 1 15
31 2 16
31 3 17
31 4 18
31 5 19
31 6 20
31 7 21
31 8 22
31 9 23
31 10 24
31 11 25
31 12 26
31 13 27
31 14 28
31 15 29
31 16 30
31 17 31
31 18 32
31 19 33
31 20 34
31 21 35
31 22 36
31 23 37
31 24 38
31 25 39
31 26 40
31 27 41
31 28 42
31 29 43
31 30 44
32 0 13
32 1 14
32 2 15
32 3 16
32 4 17
32 5 18
32 6 19
32 7 20
32 8 21
32 9 22
32 10 23
32 11 24
32 12 25
32 13 26
32 14 27
32 15 28
32 16 29
32 17 30
32 18 31
32 19 32
32 20 33
32 21 34
32 22 35
32 23 36
32 24 37
32 25 38
32 26 39
32 27 40
32 28 41
32 29 42
32 30 43
32 31 44
33 0 12
33 1 13
33 2 14
33 3 15
33 4 16
33 5 17
33 6 18
33 7 19
33 8 20
33 9 21
33 10 22
33 11 23
33 12 24
33 13 25
33 14 26
33 15 27
33 16 28
33 17 29
33 18 30
33 19 31
33 20 32
33 21 33
33 22 34
33 23 35
33 24 36
33 25 37
33 26 38
33 27 39
33 28 40
33 29 41
33 30 42
33 31 43
33 32 44
34 0 11
34 1 12
34 2 13
34 3 14
34 4 15
34 5 16
34 6 17
34 7 18
34 8 19
34 9 20
34 10 21
34 11 22
34 12 23
34 13 24
34 14 25
34 15 26
34 16 27
34 17 28
34 18 29
34 19 30
34 20 31
34 21 32
34 22 33
34 23 34
34 24 35
34 25 36
34 26 37
34 27 38
34 28 39
34 29 40
34 30 41
34 31 42
34 32 43
34 33 44
35 0 10
35 1 11
35 2 12
35 3 13
35 4 14
35 5 15
35 6 16
35 7 17
35 8 18
35 9 19
35 10 20
35 11 21
35 12 22
35 13 23
35 14 24
35 15 25
35 16 26
35 17 27
35 18 28
35 19 29
35 20 30
35 21 31
35 22 32
35 23 33
35 24 34
35 25 35
35 26 36
35 27 37
35 28 38
35 29 39
35 30 40
35 31 41
35 32 42
35 33 43
35 34 44
36 0 9
36 1 10
36 2 11
36 3 12
36 4 13
36 5 14
36 6 15
36 7 16
36 8 17
36 9 18
36 10 19
36 11 20
36 12 21
36 13 22
36 14 23
36 15 24
36 16 25
36 17 26
36 18 27
36 19 28
36 20 29
36 21 30
36 22 31
36 23 32
36 24 33
36 25 34
36 26 35
36 27 36
36 28 37
36 29 38
36 30 39
36 31 40
36 32 41
36 33 42
36 34 43
36 35 44
37 0 8
37 1 9
37 2 10
37 3 11
37 4 12
37 5 13
37 6 14
37 7 15
37 8 16
37 9 17
37 10 18
37 11 19
37 12 20
37 13 21
37 14 22
37 15 23
37 16 24
37 17 25
37 18 26
37 19 27
37 20 28
37 21 29
37 22 30
37 23 31
37 24 32
37 25 33
37 26 34
37 27 35
37 28 36
37 29 37
37 30 38
37 31 39
37 32 40
37 33 41
37 34 42
37 35 43
37 36 44
38 0 7
38 1 8
38 2 9
38 3 10
38 4 11
38 5 12
38 6 13
38 7 14
38 8 15
38 9 16
38 10 17
38 11 18
38 12 19
38 13 20
38 14 21
38 15 22
38 16 23
38 17 24
38 18 25
38 19 26
38 20 27
38 21 28
38 22 29
38 23 30
38 24 31
38 25 32
38 26 33
38 27 34
38 28 35
38 29 36
38 30 37
38 31 38
38 32 39
38 33 40
38 34 41
38 35 42
38 36 43
38 37 44
39 0 6
39 1 7
39 2 8
39 3 9
39 4 10
39 5 11
39 6 12
39 7 13
39 8 14
39 9 15
39 10 16
39 11 17
39 12 18
39 13 19
39 14 20
39 15 21
39 16 22
39 17 23
39 18 24
39 19 25
39 20 26
39 21 27
39 22 28
39 23 29
39 24 30
39 25 31
39 26 32
39 27 33
39 28 34
39 29 35
39 30 36
39 31 37
39 32 38
39 33 39
39 34 40
39 35 41
39 36 42
39 37 43
39 38 44
40 0 5
40 1 6
40 2 7
40 3 8
40 4 9
40 5 10
40 6 11
40 7 12
40 8 13
40 9 14
40 10 15
40 11 16
40 12 17
40 13 18
40 14 19
40 15 20
40 16 21
40 17 22
40 18 23
40 19 24
40 20 25
40 21 26
40 22 27
40 23 28
40 24 29
40 25 30
40 26 31
40 27 32
40 28 33
40 29 34
40 30 35
40 31 36
40 32 37
40 33 38
40 34 39
40 35 40
40 36 41
40 37 42
40 38 43
40 39 44
41 0 4
41 1 5
41 2 6
41 3 7
41 4 8
41 5 9
41 6 10
41 7 11
41 8 12
41 9 13
41 10 14
41 11 15
41 12 16
41 13 17
41 14 18
41 15 19
41 16 20
41 17 21
41 18 22
41 19 23
41 20 24
41 21 25
41 22 26
41 23 27
41 24 28
41 25 29
41 26 30
41 27 31
41 28 32
41 29 33
41 30 34
41 31 35
41 32 36
41 33 37
41 34 38
41 35 39
41 36 40
41 37 41
41 38 42
41 39 43
41 40 44
42 0 3
42 1 4
42 2 5
42 3 6
42 4 7
42 5 8
42 6 9
42 7 10
42 8 11
42 9 12
42 10 13
42 11 14
42 12 15
42 13 16
42 14 17
42 15 18
42 16 19
42 17 20
42 18 21
42 19 22
42 20 23
42 21 24
42 22 25
42 23 26
42 24 27
42 25 28
42 26 29
42 27 30
42 28 31
42 29 32
42 30 33
42 31 34
42 32 35
42 33 36
42 34 37
42 35 38
42 36 39
42 37 40
42 38 41
42 39 42
42 40 43
42 41 44
43 0 2
43 1 3
43 2 4
43 3 5
43 4 6
43 5 7
43 6 8
43 7 9
43 8 10
43 9 11
43 10 12
43 11 13
43 12 14
43 13 15
43 14 16
43 15 17
43 16 18
43 17 19
43 18 20
43 19 21
43 20 22
43 21 23
43 22 24
43 23 25
43 24 26
43 25 27
43 26 28
43 27 29
43 28 30
43 29 31
43 30 32
43 31 33
43 32 34
43 33 35
43 34 36
43 35 37
43 36 38
43 37 39
43 38 40
43 39 41
43 40 42
43 41 43
43 42 44
44 0 1
44 1 2
44 2 3
44 3 4
44 4 5
44 5 6
44 6 7
44 7 8
44 8 9
44 9 10
44 10 11
44 11 12
44 12 13
44 13 14
44 14 15
44 15 16
44 16 17
44 17 18
44 18 19
44 19 20
44 20 21
44 21 22
44 22 23
44 23 24
44 24 25
44 25 26
44 26 27
44 27 28
44 28 29
44 29 30
44 30 31
44 31 32
44 32 33
44 33 34
44 34 35
44 35 36
44 36 37
44 37 38
44 38 39
44 39 40
44 40 41
44 41 42
44 42 43
44 43 44
