85
0 1 1
0 2 2
0 3 3
0 4 4
0 5 5
0 6 6
0 7 7
0 8 8
0 9 9
0 10 10
0 11 11
0 12 12
0 13 13
0 14 14
0 15 15
0 16 16
0 17 17
0 18 18
0 19 19
0 20 20
0 21 21
0 22 22
0 23 23
0 24 24
0 25 25
0 26 26
0 27 27
0 28 28
0 29 29
0 30 30
0 31 31
0 32 32
0 33 33
0 34 34
0 35 35
0 36 36
0 37 37
0 38 38
0 39 39
0 40 40
0 41 41
0 42 42
0 43 43
0 44 44
0 45 45
0 46 46
0 47 47
0 48 48
0 49 49
0 50 50
0 51 51
0 52 52
0 53 53
0 54 54
0 55 55
0 56 56
0 57 57
0 58 58
0 59 59
0 60 60
0 61 61
0 62 62
0 63 63
0 64 64
0 65 65
0 66 66
0 67 67
0 68 68
0 69 69
0 70 70
0 71 71
0 72 72
0 73 73
0 74 74
0 75 75
0 76 76
0 77 77
0 78 78
0 79 79
0 80 80
0 81 81
0 82 82
0 83 83
0 84 84
1 2 1
1 3 2
1 4 3
1 5 4
1 6 5
1 7 6
1 8 7
1 9 8
1 10 9
1 11 10
1 12 11
1 13 12
1 14 13
1 15 14
1 16 15
1 17 16
1 18 17
1 19 18
1 20 19
1 21 20
1 22 21
1 23 22
1 24 23
1 25 24
1 26 25
1 27 26
1 28 27
1 29 28
1 30 29
1 31 30
1 32 31
1 33 32
1 34 33
1 35 34
1 36 35
1 37 36
1 38 37
1 39 38
1 40 39
1 41 40
1 42 41
1 43 42
1 44 43
1 45 44
1 46 45
1 47 46
1 48 47
1 49 48
1 50 49
1 51 50
1 52 51
1 53 52
1 54 53
1 55 54
1 56 55
1 57 56
1 58 57
1 59 58
1 60 59
1 61 60
1 62 61
1 63 62
1 64 63
1 65 64
1 66 65
1 67 66
1 68 67
1 69 68
1 70 69
1 71 70
1 72 71
1 73 72
1 74 73
1 75 74
1 76 75
1 77 76
1 78 77
1 79 78
1 80 79
1 81 80
1 82 81
1 83 82
1 84 83
2 3 1
2 4 2
2 5 3
2 6 4
2 7 5
2 8 6
2 9 7
2 10 8
2 11 9
2 12 10
2 13 11
2 14 12
2 15 13
2 16 14
2 17 15
2 18 16
2 19 17
2 20 18
2 21 19
2 22 20
2 23 21
2 24 22
2 25 23
2 26 24
2 27 25
2 28 26
2 29 27
2 30 28
2 31 29
2 32 30
2 33 31
2 34 32
2 35 33
2 36 34
2 37 35
2 38 36
2 39 37
2 40 38
2 41 39
2 42 40
2 43 41
2 44 42
2 45 43
2 46 44
2 47 45
2 48 46
2 49 47
2 50 48
2 51 49
2 52 50
2 53 51
2 54 52
2 55 53
2 56 54
2 57 55
2 58 56
2 59 57
2 60 58
2 61 59
2 62 60
2 63 61
2 64 62
2 65 63
2 66 64
2 67 65
2 68 66
2 69 67
2 70 68
2 71 69
2 72 70
2 73 71
2 74 72
2 75 73
2 76 74
2 77 75
2 78 76
2 79 77
2 80 78
2 81 79
2 82 80
2 83 81
2 84 82
3 4 1
3 5 2
3 6 3
3 7 4
3 8 5
3 9 6
3 10 7
3 11 8
3 12 9
3 13 10
3 14 11
3 15 12
3 16 13
3 17 14
3 18 15
3 19 16
3 20 17
3 21 18
3 22 19
3 23 20
3 24 21
3 25 22
3 26 23
3 27 24
3 28 25
3 29 26
3 30 27
3 31 28
3 32 29
3 33 30
3 34 31
3 35 32
3 36 33
3 37 34
3 38 35
3 39 36
3 40 37
3 41 38
3 42 39
3 43 40
3 44 41
3 45 42
3 46 43
3 47 44
3 48 45
3 49 46
3 50 47
3 51 48
3 52 49
3 53 50
3 54 51
3 55 52
3 56 53
3 57 54
3 58 55
3 59 56
3 60 57
3 61 58
3 62 59
3 63 60
3 64 61
3 65 62
3 66 63
3 67 64
3 68 65
3 69 66
3 70 67
3 71 68
3 72 69
3 73 70
3 74 71
3 75 72
3 76 73
3 77 74
3 78 75
3 79 76
3 80 77
3 81 78
3 82 79
3 83 80
3 84 81
4 5 1
4 6 2
4 7 3
4 8 4
4 9 5
4 10 6
4 11 7
4 12 8
4 13 9
4 14 10
4 15 11
4 16 12
4 17 13
4 18 14
4 19 15
4 20 16
4 21 17
4 22 18
4 23 19
4 24 20
4 25 21
4 26 22
4 27 23
4 28 24
4 29 25
4 30 26
4 31 27
4 32 28
4 33 29
4 34 30
4 35 31
4 36 32
4 37 33
4 38 34
4 39 35
4 40 36
4 41 37
4 42 38
4 43 39
4 44 40
4 45 41
4 46 42
4 47 43
4 48 44
4 49 45
4 50 46
4 51 47
4 52 48
4 53 49
4 54 50
4 55 51
4 56 52
4 57 53
4 58 54
4 59 55
4 60 56
4 61 57
4 62 58
4 63 59
4 64 60
4 65 61
4 66 62
4 67 63
4 68 64
4 69 65
4 70 66
4 71 67
4 72 68
4 73 69
4 74 70
4 75 71
4 76 72
4 77 73
4 78 74
4 79 75
4 80 76
4 81 77
4 82 78
4 83 79
4 84 80
5 6 1
5 7 2
5 8 3
5 9 4
5 10 5
5 11 6
5 12 7
5 13 8
5 14 9
5 15 10
5 16 11
5 17 12
5 18 13
5 19 14
5 20 15
5 21 16
5 22 17
5 23 18
5 24 19
5 25 20
5 26 21
5 27 22
5 28 23
5 29 24
5 30 25
5 31 26
5 32 27
5 33 28
5 34 29
5 35 30
5 36 31
5 37 32
5 38 33
5 39 34
5 40 35
5 41 36
5 42 37
5 43 38
5 44 39
5 45 40
5 46 41
5 47 42
5 48 43
5 49 44
5 50 45
5 51 46
5 52 47
5 53 48
5 54 49
5 55 50
5 56 51
5 57 52
5 58 53
5 59 54
5 60 55
5 61 56
5 62 57
5 63 58
5 64 59
5 65 60
5 66 61
5 67 62
5 68 63
5 69 64
5 70 65
5 71 66
5 72 67
5 73 68
5 74 69
5 75 70
5 76 71
5 77 72
5 78 73
5 79 74
5 80 75
5 81 76
5 82 77
5 83 78
5 84 79
6 7 1
6 8 2
6 9 3
6 10 4
6 11 5
6 12 6
6 13 7
6 14 8
6 15 9
6 16 10
6 17 11
6 18 12
6 19 13
6 20 14
6 21 15
6 22 16
6 23 17
6 24 18
6 25 19
6 26 20
6 27 21
6 28 22
6 29 23
6 30 24
6 31 25
6 32 26
6 33 27
6 34 28
6 35 29
6 36 30
6 37 31
6 38 32
6 39 33
6 40 34
6 41 35
6 42 36
6 43 37
6 44 38
6 45 39
6 46 40
6 47 41
6 48 42
6 49 43
6 50 44
6 51 45
6 52 46
6 53 47
6 54 48
6 55 49
6 56 50
6 57 51
6 58 52
6 59 53
6 60 54
6 61 55
6 62 56
6 63 57
6 64 58
6 65 59
6 66 60
6 67 61
6 68 62
6 69 63
6 70 64
6 71 65
6 72 66
6 73 67
6 74 68
6 75 69
6 76 70
6 77 71
6 78 72
6 79 73
6 80 74
6 81 75
6 82 76
6 83 77
6 84 78
7 8 1
7 9 2
7 10 3
7 11 4
7 12 5
7 13 6
7 14 7
7 15 8
7 16 9
7 17 10
7 18 11
7 19 12
7 20 13
7 21 14
7 22 15
7 23 16
7 24 17
7 25 18
7 26 19
7 27 20
7 28 21
7 29 22
7 30 23
7 31 24
7 32 25
7 33 26
7 34 27
7 35 28
7 36 29
7 37 30
7 38 31
7 39 32
7 40 33
7 41 34
7 42 35
7 43 36
7 44 37
7 45 38
7 46 39
7 47 40
7 48 41
7 49 42
7 50 43
7 51 44
7 52 45
7 53 46
7 54 47
7 55 48
7 56 49
7 57 50
7 58 51
7 59 52
7 60 53
7 61 54
7 62 55
7 63 56
7 64 57
7 65 58
7 66 59
7 67 60
7 68 61
7 69 62
7 70 63
7 71 64
7 72 65
7 73 66
7 74 67
7 75 68
7 76 69
7 77 70
7 78 71
7 79 72
7 80 73
7 81 74
7 82 75
7 83 76
7 84 77
8 9 1
8 10 2
8 11 3
8 12 4
8 13 5
8 14 6
8 15 7
8 16 8
8 17 9
8 18 10
8 19 11
8 20 12
8 21 13
8 22 14
8 23 15
8 24 16
8 25 17
8 26 18
8 27 19
8 28 20
8 29 21
8 30 22
8 31 23
8 32 24
8 33 25
8 34 26
8 35 27
8 36 28
8 37 29
8 38 30
8 39 31
8 40 32
8 41 33
8 42 34
8 43 35
8 44 36
8 45 37
8 46 38
8 47 39
8 48 40
8 49 41
8 50 42
8 51 43
8 52 44
8 53 45
8 54 46
8 55 47
8 56 48
8 57 49
8 58 50
8 59 51
8 60 52
8 61 53
8 62 54
8 63 55
8 64 56
8 65 57
8 66 58
8 67 59
8 68 60
8 69 61
8 70 62
8 71 63
8 72 64
8 73 65
8 74 66
8 75 67
8 76 68
8 77 69
8 78 70
8 79 71
8 80 72
8 81 73
8 82 74
8 83 75
8 84 76
9 10 1
9 11 2
9 12 3
9 13 4
9 14 5
9 15 6
9 16 7
9 17 8
9 18 9
9 19 10
9 20 11
9 21 12
9 22 13
9 23 14
9 24 15
9 25 16
9 26 17
9 27 18
9 28 19
9 29 20
9 30 21
9 31 22
9 32 23
9 33 24
9 34 25
9 35 26
9 36 27
9 37 28
9 38 29
9 39 30
9 40 31
9 41 32
9 42 33
9 43 34
9 44 35
9 45 36
9 46 37
9 47 38
9 48 39
9 49 40
9 50 41
9 51 42
9 52 43
9 53 44
9 54 45
9 55 46
9 56 47
9 57 48
9 58 49
9 59 50
9 60 51
9 61 52
9 62 53
9 63 54
9 64 55
9 65 56
9 66 57
9 67 58
9 68 59
9 69 60
9 70 61
9 71 62
9 72 63
9 73 64
9 74 65
9 75 66
9 76 67
9 77 68
9 78 69
9 79 70
9 80 71
9 81 72
9 82 73
9 83 74
9 84 75
10 11 1
10 12 2
10 13 3
10 14 4
10 15 5
10 16 6
10 17 7
10 18 8
10 19 9
10 20 10
10 21 11
10 22 12
10 23 13
10 24 14
10 25 15
10 26 16
10 27 17
10 28 18
10 29 19
10 30 20
10 31 21
10 32 22
10 33 23
10 34 24
10 35 25
10 36 26
10 37 27
10 38 28
10 39 29
10 40 30
10 41 31
10 42 32
10 43 33
10 44 34
10 45 35
10 46 36
10 47 37
10 48 38
10 49 39
10 50 40
10 51 41
10 52 42
10 53 43
10 54 44
10 55 45
10 56 46
10 57 47
10 58 48
10 59 49
10 60 50
10 61 51
10 62 52
10 63 53
10 64 54
10 65 55
10 66 56
10 67 57
10 68 58
10 69 59
10 70 60
10 71 61
10 72 62
10 73 63
10 74 64
10 75 65
10 76 66
10 77 67
10 78 68
10 79 69
10 80 70
10 81 71
10 82 72
10 83 73
10 84 74
11 12 1
11 13 2
11 14 3
11 15 4
11 16 5
11 17 6
11 18 7
11 19 8
11 20 9
11 21 10
11 22 11
11 23 12
11 24 13
11 25 14
11 26 15
11 27 16
11 28 17
11 29 18
11 30 19
11 31 20
11 32 21
11 33 22
11 34 23
11 35 24
11 36 25
11 37 26
11 38 27
11 39 28
11 40 29
11 41 30
11 42 31
11 43 32
11 44 33
11 45 34
11 46 35
11 47 36
11 48 37
11 49 38
11 50 39
11 51 40
11 52 41
11 53 42
11 54 43
11 55 44
11 56 45
11 57 46
11 58 47
11 59 48
11 60 49
11 61 50
11 62 51
11 63 52
11 64 53
11 65 54
11 66 55
11 67 56
11 68 57
11 69 58
11 70 59
11 71 60
11 72 61
11 73 62
11 74 63
11 75 64
11 76 65
11 77 66
11 78 67
11 79 68
11 80 69
11 81 70
11 82 71
11 83 72
11 84 73
12 13 1
12 14 2
12 15 3
12 16 4
12 17 5
12 18 6
12 19 7
12 20 8
12 21 9
12 22 10
12 23 11
12 24 12
12 25 13
12 26 14
12 27 15
12 28 16
12 29 17
12 30 18
12 31 19
12 32 20
12 33 21
12 34 22
12 35 23
12 36 24
12 37 25
12 38 26
12 39 27
12 40 28
12 41 29
12 42 30
12 43 31
12 44 32
12 45 33
12 46 34
12 47 35
12 48 36
12 49 37
12 50 38
12 51 39
12 52 40
12 53 41
12 54 42
12 55 43
12 56 44
12 57 45
12 58 46
12 59 47
12 60 48
12 61 49
12 62 50
12 63 51
12 64 52
12 65 53
12 66 54
12 67 55
12 68 56
12 69 57
12 70 58
12 71 59
12 72 60
12 73 61
12 74 62
12 75 63
12 76 64
12 77 65
12 78 66
12 79 67
12 80 68
12 81 69
12 82 70
12 83 71
12 84 72
13 14 1
13 15 2
13 16 3
13 17 4
13 18 5
13 19 6
13 20 7
13 21 8
13 22 9
13 23 10
13 24 11
13 25 12
13 26 13
13 27 14
13 28 15
13 29 16
13 30 17
13 31 18
13 32 19
13 33 20
13 34 21
13 35 22
13 36 23
13 37 24
13 38 25
13 39 26
13 40 27
13 41 28
13 42 29
13 43 30
13 44 31
13 45 32
13 46 33
13 47 34
13 48 35
13 49 36
13 50 37
13 51 38
13 52 39
13 53 40
13 54 41
13 55 42
13 56 43
13 57 44
13 58 45
13 59 46
13 60 47
13 61 48
13 62 49
13 63 50
13 64 51
13 65 52
13 66 53
13 67 54
13 68 55
13 69 56
13 70 57
13 71 58
13 72 59
13 73 60
13 74 61
13 75 62
13 76 63
13 77 64
13 78 65
13 79 66
13 80 67
13 81 68
13 82 69
13 83 70
13 84 71
14 15 1
14 16 2
14 17 3
14 18 4
14 19 5
14 20 6
14 21 7
14 22 8
14 23 9
14 24 10
14 25 11
14 26 12
14 27 13
14 28 14
14 29 15
14 30 16
14 31 17
14 32 18
14 33 19
14 34 20
14 35 21
14 36 22
14 37 23
14 38 24
14 39 25
14 40 26
14 41 27
14 42 28
14 43 29
14 44 30
14 45 31
14 46 32
14 47 33
14 48 34
14 49 35
14 50 36
14 51 37
14 52 38
14 53 39
14 54 40
14 55 41
14 56 42
14 57 43
14 58 44
14 59 45
14 60 46
14 61 47
14 62 48
14 63 49
14 64 50
14 65 51
14 66 52
14 67 53
14 68 54
14 69 55
14 70 56
14 71 57
14 72 58
14 73 59
14 74 60
14 75 61
14 76 62
14 77 63
14 78 64
14 79 65
14 80 66
14 81 67
14 82 68
14 83 69
14 84 70
15 16 1
15 17 2
15 18 3
15 19 4
15 20 5
15 21 6
15 22 7
15 23 8
15 24 9
15 25 10
15 26 11
15 27 12
15 28 13
15 29 14
15 30 15
15 31 16
15 32 17
15 33 18
15 34 19
15 35 20
15 36 21
15 37 22
15 38 23
15 39 24
15 40 25
15 41 26
15 42 27
15 43 28
15 44 29
15 45 30
15 46 31
15 47 32
15 48 33
15 49 34
15 50 35
15 51 36
15 52 37
15 53 38
15 54 39
15 55 40
15 56 41
15 57 42
15 58 43
15 59 44
15 60 45
15 61 46
15 62 47
15 63 48
15 64 49
15 65 50
15 66 51
15 67 52
15 68 53
15 69 54
15 70 55
15 71 56
15 72 57
15 73 58
15 74 59
15 75 60
15 76 61
15 77 62
15 78 63
15 79 64
15 80 65
15 81 66
15 82 67
15 83 68
15 84 69
16 17 1
16 18 2
16 19 3
16 20 4
16 21 5
16 22 6
16 23 7
16 24 8
16 25 9
16 26 10
16 27 11
16 28 12
16 29 13
16 30 14
16 31 15
16 32 16
16 33 17
16 34 18
16 35 19
16 36 20
16 37 21
16 38 22
16 39 23
16 40 24
16 41 25
16 42 26
16 43 27
16 44 28
16 45 29
16 46 30
16 47 31
16 48 32
16 49 33
16 50 34
16 51 35
16 52 36
16 53 37
16 54 38
16 55 39
16 56 40
16 57 41
16 58 42
16 59 43
16 60 44
16 61 45
16 62 46
16 63 47
16 64 48
16 65 49
16 66 50
16 67 51
16 68 52
16 69 53
16 70 54
16 71 55
16 72 56
16 73 57
16 74 58
16 75 59
16 76 60
16 77 61
16 78 62
16 79 63
16 80 64
16 81 65
16 82 66
16 83 67
16 84 68
17 18 1
17 19 2
17 20 3
17 21 4
17 22 5
17 23 6
17 24 7
17 25 8
17 26 9
17 27 10
17 28 11
17 29 12
17 30 13
17 31 14
17 32 15
17 33 16
17 34 17
17 35 18
17 36 19
17 37 20
17 38 21
17 39 22
17 40 23
17 41 24
17 42 25
17 43 26
17 44 27
17 45 28
17 46 29
17 47 30
17 48 31
17 49 32
17 50 33
17 51 34
17 52 35
17 53 36
17 54 37
17 55 38
17 56 39
17 57 40
17 58 41
17 59 42
17 60 43
17 61 44
17 62 45
17 63 46
17 64 47
17 65 48
17 66 49
17 67 50
17 68 51
17 69 52
17 70 53
17 71 54
17 72 55
17 73 56
17 74 57
17 75 58
17 76 59
17 77 60
17 78 61
17 79 62
17 80 63
17 81 64
17 82 65
17 83 66
17 84 67
18 19 1
18 20 2
18 21 3
18 22 4
18 23 5
18 24 6
18 25 7
18 26 8
18 27 9
18 28 10
18 29 11
18 30 12
18 31 13
18 32 14
18 33 15
18 34 16
18 35 17
18 36 18
18 37 19
18 38 20
18 39 21
18 40 22
18 41 23
18 42 24
18 43 25
18 44 26
18 45 27
18 46 28
18 47 29
18 48 30
18 49 31
18 50 32
18 51 33
18 52 34
18 53 35
18 54 36
18 55 37
18 56 38
18 57 39
18 58 40
18 59 41
18 60 42
18 61 43
18 62 44
18 63 45
18 64 46
18 65 47
18 66 48
18 67 49
18 68 50
18 69 51
18 70 52
18 71 53
18 72 54
18 73 55
18 74 56
18 75 57
18 76 58
18 77 59
18 78 60
18 79 61
18 80 62
18 81 63
18 82 64
18 83 65
18 84 66
19 20 1
19 21 2
19 22 3
19 23 4
19 24 5
19 25 6
19 26 7
19 27 8
19 28 9
19 29 10
19 30 11
19 31 12
19 32 13
19 33 14
19 34 15
19 35 16
19 36 17
19 37 18
19 38 19
19 39 20
19 40 21
19 41 22
19 42 23
19 43 24
19 44 25
19 45 26
19 46 27
19 47 28
19 48 29
19 49 30
19 50 31
19 51 32
19 52 33
19 53 34
19 54 35
19 55 36
19 56 37
19 57 38
19 58 39
19 59 40
19 60 41
19 61 42
19 62 43
19 63 44
19 64 45
19 65 46
19 66 47
19 67 48
19 68 49
19 69 50
19 70 51
19 71 52
19 72 53
19 73 54
19 74 55
19 75 56
19 76 57
19 77 58
19 78 59
19 79 60
19 80 61
19 81 62
19 82 63
19 83 64
19 84 65
20 21 1
20 22 2
20 23 3
20 24 4
20 25 5
20 26 6
20 27 7
20 28 8
20 29 9
20 30 10
20 31 11
20 32 12
20 33 13
20 34 14
20 35 15
20 36 16
20 37 17
20 38 18
20 39 19
20 40 20
20 41 21
20 42 22
20 43 23
20 44 24
20 45 25
20 46 26
20 47 27
20 48 28
20 49 29
20 50 30
20 51 31
20 52 32
20 53 33
20 54 34
20 55 35
20 56 36
20 57 37
20 58 38
20 59 39
20 60 40
20 61 41
20 62 42
20 63 43
20 64 44
20 65 45
20 66 46
20 67 47
20 68 48
20 69 49
20 70 50
20 71 51
20 72 52
20 73 53
20 74 54
20 75 55
20 76 56
20 77 57
20 78 58
20 79 59
20 80 60
20 81 61
20 82 62
20 83 63
20 84 64
21 22 1
21 23 2
21 24 3
21 25 4
21 26 5
21 27 6
21 28 7
21 29 8
21 30 9
21 31 10
21 32 11
21 33 12
21 34 13
21 35 14
21 36 15
21 37 16
21 38 17
21 39 18
21 40 19
21 41 20
21 42 21
21 43 22
21 44 23
21 45 24
21 46 25
21 47 26
21 48 27
21 49 28
21 50 29
21 51 30
21 52 31
21 53 32
21 54 33
21 55 34
21 56 35
21 57 36
21 58 37
21 59 38
21 60 39
21 61 40
21 62 41
21 63 42
21 64 43
21 65 44
21 66 45
21 67 46
21 68 47
21 69 48
21 70 49
21 71 50
21 72 51
21 73 52
21 74 53
21 75 54
21 76 55
21 77 56
21 78 57
21 79 58
21 80 59
21 81 60
21 82 61
21 83 62
21 84 63
22 23 1
22 24 2
22 25 3
22 26 4
22 27 5
22 28 6
22 29 7
22 30 8
22 31 9
22 32 10
22 33 11
22 34 12
22 35 13
22 36 14
22 37 15
22 38 16
22 39 17
22 40 18
22 41 19
22 42 20
22 43 21
22 44 22
22 45 23
22 46 24
22 47 25
22 48 26
22 49 27
22 50 28
22 51 29
22 52 30
22 53 31
22 54 32
22 55 33
22 56 34
22 57 35
22 58 36
22 59 37
22 60 38
22 61 39
22 62 40
22 63 41
22 64 42
22 65 43
22 66 44
22 67 45
22 68 46
22 69 47
22 70 48
22 71 49
22 72 50
22 73 51
22 74 52
22 75 53
22 76 54
22 77 55
22 78 56
22 79 57
22 80 58
22 81 59
22 82 60
22 83 61
22 84 62
23 24 1
23 25 2
23 26 3
23 27 4
23 28 5
23 29 6
23 30 7
23 31 8
23 32 9
23 33 10
23 34 11
23 35 12
23 36 13
23 37 14
23 38 15
23 39 16
23 40 17
23 41 18
23 42 19
23 43 20
23 44 21
23 45 22
23 46 23
23 47 24
23 48 25
23 49 26
23 50 27
23 51 28
23 52 29
23 53 30
23 54 31
23 55 32
23 56 33
23 57 34
23 58 35
23 59 36
23 60 37
23 61 38
23 62 39
23 63 40
23 64 41
23 65 42
23 66 43
23 67 44
23 68 45
23 69 46
23 70 47
23 71 48
23 72 49
23 73 50
23 74 51
23 75 52
23 76 53
23 77 54
23 78 55
23 79 56
23 80 57
23 81 58
23 82 59
23 83 60
23 84 61
24 25 1
24 26 2
24 27 3
24 28 4
24 29 5
24 30 6
24 31 7
24 32 8
24 33 9
24 34 10
24 35 11
24 36 12
24 37 13
24 38 14
24 39 15
24 40 16
24 41 17
24 42 18
24 43 19
24 44 20
24 45 21
24 46 22
24 47 23
24 48 24
24 49 25
24 50 26
24 51 27
24 52 28
24 53 29
24 54 30
24 55 31
24 56 32
24 57 33
24 58 34
24 59 35
24 60 36
24 61 37
24 62 38
24 63 39
24 64 40
24 65 41
24 66 42
24 67 43
24 68 44
24 69 45
24 70 46
24 71 47
24 72 48
24 73 49
24 74 50
24 75 51
24 76 52
24 77 53
24 78 54
24 79 55
24 80 56
24 81 57
24 82 58
24 83 59
24 84 60
25 26 1
25 27 2
25 28 3
25 29 4
25 30 5
25 31 6
25 32 7
25 33 8
25 34 9
25 35 10
25 36 11
25 37 12
25 38 13
25 39 14
25 40 15
25 41 16
25 42 17
25 43 18
25 44 19
25 45 20
25 46 21
25 47 22
25 48 23
25 49 24
25 50 25
25 51 26
25 52 27
25 53 28
25 54 29
25 55 30
25 56 31
25 57 32
25 58 33
25 59 34
25 60 35
25 61 36
25 62 37
25 63 38
25 64 39
25 65 40
25 66 41
25 67 42
25 68 43
25 69 44
25 70 45
25 71 46
25 72 47
25 73 48
25 74 49
25 75 50
25 76 51
25 77 52
25 78 53
25 79 54
25 80 55
25 81 56
25 82 57
25 83 58
25 84 59
26 27 1
26 28 2
26 29 3
26 30 4
26 31 5
26 32 6
26 33 7
26 34 8
26 35 9
26 36 10
26 37 11
26 38 12
26 39 13
26 40 14
26 41 15
26 42 16
26 43 17
26 44 18
26 45 19
26 46 20
26 47 21
26 48 22
26 49 23
26 50 24
26 51 25
26 52 26
26 53 27
26 54 28
26 55 29
26 56 30
26 57 31
26 58 32
26 59 33
26 60 34
26 61 35
26 62 36
26 63 37
26 64 38
26 65 39
26 66 40
26 67 41
26 68 42
26 69 43
26 70 44
26 71 45
26 72 46
26 73 47
26 74 48
26 75 49
26 76 50
26 77 51
26 78 52
26 79 53
26 80 54
26 81 55
26 82 56
26 83 57
26 84 58
27 28 1
27 29 2
27 30 3
27 31 4
27 32 5
27 33 6
27 34 7
27 35 8
27 36 9
27 37 10
27 38 11
27 39 12
27 40 13
27 41 14
27 42 15
27 43 16
27 44 17
27 45 18
27 46 19
27 47 20
27 48 21
27 49 22
27 50 23
27 51 24
27 52 25
27 53 26
27 54 27
27 55 28
27 56 29
27 57 30
27 58 31
27 59 32
27 60 33
27 61 34
27 62 35
27 63 36
27 64 37
27 65 38
27 66 39
27 67 40
27 68 41
27 69 42
27 70 43
27 71 44
27 72 45
27 73 46
27 74 47
27 75 48
27 76 49
27 77 50
27 78 51
27 79 52
27 80 53
27 81 54
27 82 55
27 83 56
27 84 57
28 29 1
28 30 2
28 31 3
28 32 4
28 33 5
28 34 6
28 35 7
28 36 8
28 37 9
28 38 10
28 39 11
28 40 12
28 41 13
28 42 14
28 43 15
28 44 16
28 45 17
28 46 18
28 47 19
28 48 20
28 49 21
28 50 22
28 51 23
28 52 24
28 53 25
28 54 26
28 55 27
28 56 28
28 57 29
28 58 30
28 59 31
28 60 32
28 61 33
28 62 34
28 63 35
28 64 36
28 65 37
28 66 38
28 67 39
28 68 40
28 69 41
28 70 42
28 71 43
28 72 44
28 73 45
28 74 46
28 75 47
28 76 48
28 77 49
28 78 50
28 79 51
28 80 52
28 81 53
28 82 54
28 83 55
28 84 56
29 30 1
29 31 2
29 32 3
29 33 4
29 34 5
29 35 6
29 36 7
29 37 8
29 38 9
29 39 10
29 40 11
29 41 12
29 42 13
29 43 14
29 44 15
29 45 16
29 46 17
29 47 18
29 48 19
29 49 20
29 50 21
29 51 22
29 52 23
29 53 24
29 54 25
29 55 26
29 56 27
29 57 28
29 58 29
29 59 30
29 60 31
29 61 32
29 62 33
29 63 34
29 64 35
29 65 36
29 66 37
29 67 38
29 68 39
29 69 40
29 70 41
29 71 42
29 72 43
29 73 44
29 74 45
29 75 46
29 76 47
29 77 48
29 78 49
29 79 50
29 80 51
29 81 52
29 82 53
29 83 54
29 84 55
30 31 1
30 32 2
30 33 3
30 34 4
30 35 5
30 36 6
30 37 7
30 38 8
30 39 9
30 40 10
30 41 11
30 42 12
30 43 13
30 44 14
30 45 15
30 46 16
30 47 17
30 48 18
30 49 19
30 50 20
30 51 21
30 52 22
30 53 23
30 54 24
30 55 25
30 56 26
30 57 27
30 58 28
30 59 29
30 60 30
30 61 31
30 62 32
30 63 33
30 64 34
30 65 35
30 66 36
30 67 37
30 68 38
30 69 39
30 70 40
30 71 41
30 72 42
30 73 43
30 74 44
30 75 45
30 76 46
30 77 47
30 78 48
30 79 49
30 80 50
30 81 51
30 82 52
30 83 53
30 84 54
31 32 1
31 33 2
31 34 3
31 35 4
31 36 5
31 37 6
31 38 7
31 39 8
31 40 9
31 41 10
31 42 11
31 43 12
31 44 13
31 45 14
31 46 15
31 47 16
31 48 17
31 49 18
31 50 19
31 51 20
31 52 21
31 53 22
31 54 23
31 55 24
31 56 25
31 57 26
31 58 27
31 59 28
31 60 29
31 61 30
31 62 31
31 63 32
31 64 33
31 65 34
31 66 35
31 67 36
31 68 37
31 69 38
31 70 39
31 71 40
31 72 41
31 73 42
31 74 43
31 75 44
31 76 45
31 77 46
31 78 47
31 79 48
31 80 49
31 81 50
31 82 51
31 83 52
31 84 53
32 33 1
32 34 2
32 35 3
32 36 4
32 37 5
32 38 6
32 39 7
32 40 8
32 41 9
32 42 10
32 43 11
32 44 12
32 45 13
32 46 14
32 47 15
32 48 16
32 49 17
32 50 18
32 51 19
32 52 20
32 53 21
32 54 22
32 55 23
32 56 24
32 57 25
32 58 26
32 59 27
32 60 28
32 61 29
32 62 30
32 63 31
32 64 32
32 65 33
32 66 34
32 67 35
32 68 36
32 69 37
32 70 38
32 71 39
32 72 40
32 73 41
32 74 42
32 75 43
32 76 44
32 77 45
32 78 46
32 79 47
32 80 48
32 81 49
32 82 50
32 83 51
32 84 52
33 34 1
33 35 2
33 36 3
33 37 4
33 38 5
33 39 6
33 40 7
33 41 8
33 42 9
33 43 10
33 44 11
33 45 12
33 46 13
33 47 14
33 48 15
33 49 16
33 50 17
33 51 18
33 52 19
33 53 20
33 54 21
33 55 22
33 56 23
33 57 24
33 58 25
33 59 26
33 60 27
33 61 28
33 62 29
33 63 30
33 64 31
33 65 32
33 66 33
33 67 34
33 68 35
33 69 36
33 70 37
33 71 38
33 72 39
33 73 40
33 74 41
33 75 42
33 76 43
33 77 44
33 78 45
33 79 46
33 80 47
33 81 48
33 82 49
33 83 50
33 84 51
34 35 1
34 36 2
34 37 3
34 38 4
34 39 5
34 40 6
34 41 7
34 42 8
34 43 9
34 44 10
34 45 11
34 46 12
34 47 13
34 48 14
34 49 15
34 50 16
34 51 17
34 52 18
34 53 19
34 54 20
34 55 21
34 56 22
34 57 23
34 58 24
34 59 25
34 60 26
34 61 27
34 62 28
34 63 29
34 64 30
34 65 31
34 66 32
34 67 33
34 68 34
34 69 35
34 70 36
34 71 37
34 72 38
34 73 39
34 74 40
34 75 41
34 76 42
34 77 43
34 78 44
34 79 45
34 80 46
34 81 47
34 82 48
34 83 49
34 84 50
35 36 1
35 37 2
35 38 3
35 39 4
35 40 5
35 41 6
35 42 7
35 43 8
35 44 9
35 45 10
35 46 11
35 47 12
35 48 13
35 49 14
35 50 15
35 51 16
35 52 17
35 53 18
35 54 19
35 55 20
35 56 21
35 57 22
35 58 23
35 59 24
35 60 25
35 61 26
35 62 27
35 63 28
35 64 29
35 65 30
35 66 31
35 67 32
35 68 33
35 69 34
35 70 35
35 71 36
35 72 37
35 73 38
35 74 39
35 75 40
35 76 41
35 77 42
35 78 43
35 79 44
35 80 45
35 81 46
35 82 47
35 83 48
35 84 49
36 37 1
36 38 2
36 39 3
36 40 4
36 41 5
36 42 6
36 43 7
36 44 8
36 45 9
36 46 10
36 47 11
36 48 12
36 49 13
36 50 14
36 51 15
36 52 16
36 53 17
36 54 18
36 55 19
36 56 20
36 57 21
36 58 22
36 59 23
36 60 24
36 61 25
36 62 26
36 63 27
36 64 28
36 65 29
36 66 30
36 67 31
36 68 32
36 69 33
36 70 34
36 71 35
36 72 36
36 73 37
36 74 38
36 75 39
36 76 40
36 77 41
36 78 42
36 79 43
36 80 44
36 81 45
36 82 46
36 83 47
36 84 48
37 38 1
37 39 2
37 40 3
37 41 4
37 42 5
37 43 6
37 44 7
37 45 8
37 46 9
37 47 10
37 48 11
37 49 12
37 50 13
37 51 14
37 52 15
37 53 16
37 54 17
37 55 18
37 56 19
37 57 20
37 58 21
37 59 22
37 60 23
37 61 24
37 62 25
37 63 26
37 64 27
37 65 28
37 66 29
37 67 30
37 68 31
37 69 32
37 70 33
37 71 34
37 72 35
37 73 36
37 74 37
37 75 38
37 76 39
37 77 40
37 78 41
37 79 42
37 80 43
37 81 44
37 82 45
37 83 46
37 84 47
38 39 1
38 40 2
38 41 3
38 42 4
38 43 5
38 44 6
38 45 7
38 46 8
38 47 9
38 48 10
38 49 11
38 50 12
38 51 13
38 52 14
38 53 15
38 54 16
38 55 17
38 56 18
38 57 19
38 58 20
38 59 21
38 60 22
38 61 23
38 62 24
38 63 25
38 64 26
38 65 27
38 66 28
38 67 29
38 68 30
38 69 31
38 70 32
38 71 33
38 72 34
38 73 35
38 74 36
38 75 37
38 76 38
38 77 39
38 78 40
38 79 41
38 80 42
38 81 43
38 82 44
38 83 45
38 84 46
39 40 1
39 41 2
39 42 3
39 43 4
39 44 5
39 45 6
39 46 7
39 47 8
39 48 9
39 49 10
39 50 11
39 51 12
39 52 13
39 53 14
39 54 15
39 55 16
39 56 17
39 57 18
39 58 19
39 59 20
39 60 21
39 61 22
39 62 23
39 63 24
39 64 25
39 65 26
39 66 27
39 67 28
39 68 29
39 69 30
39 70 31
39 71 32
39 72 33
39 73 34
39 74 35
39 75 36
39 76 37
39 77 38
39 78 39
39 79 40
39 80 41
39 81 42
39 82 43
39 83 44
39 84 45
40 41 1
40 42 2
40 43 3
40 44 4
40 45 5
40 46 6
40 47 7
40 48 8
40 49 9
40 50 10
40 51 11
40 52 12
40 53 13
40 54 14
40 55 15
40 56 16
40 57 17
40 58 18
40 59 19
40 60 20
40 61 21
40 62 22
40 63 23
40 64 24
40 65 25
40 66 26
40 67 27
40 68 28
40 69 29
40 70 30
40 71 31
40 72 32
40 73 33
40 74 34
40 75 35
40 76 36
40 77 37
40 78 38
40 79 39
40 80 40
40 81 41
40 82 42
40 83 43
40 84 44
41 42 1
41 43 2
41 44 3
41 45 4
41 46 5
41 47 6
41 48 7
41 49 8
41 50 9
41 51 10
41 52 11
41 53 12
41 54 13
41 55 14
41 56 15
41 57 16
41 58 17
41 59 18
41 60 19
41 61 20
41 62 21
41 63 22
41 64 23
41 65 24
41 66 25
41 67 26
41 68 27
41 69 28
41 70 29
41 71 30
41 72 31
41 73 32
41 74 33
41 75 34
41 76 35
41 77 36
41 78 37
41 79 38
41 80 39
41 81 40
41 82 41
41 83 42
41 84 43
42 43 1
42 44 2
42 45 3
42 46 4
42 47 5
42 48 6
42 49 7
42 50 8
42 51 9
42 52 10
42 53 11
42 54 12
42 55 13
42 56 14
42 57 15
42 58 16
42 59 17
42 60 18
42 61 19
42 62 20
42 63 21
42 64 22
42 65 23
42 66 24
42 67 25
42 68 26
42 69 27
42 70 28
42 71 29
42 72 30
42 73 31
42 74 32
42 75 33
42 76 34
42 77 35
42 78 36
42 79 37
42 80 38
42 81 39
42 82 40
42 83 41
42 84 42
43 44 1
43 45 2
43 46 3
43 47 4
43 48 5
43 49 6
43 50 7
43 51 8
43 52 9
43 53 10
43 54 11
43 55 12
43 56 13
43 57 14
43 58 15
43 59 16
43 60 17
43 61 18
43 62 19
43 63 20
43 64 21
43 65 22
43 66 23
43 67 24
43 68 25
43 69 26
43 70 27
43 71 28
43 72 29
43 73 30
43 74 31
43 75 32
43 76 33
43 77 34
43 78 35
43 79 36
43 80 37
43 81 38
43 82 39
43 83 40
43 84 41
44 45 1
44 46 2
44 47 3
44 48 4
44 49 5
44 50 6
44 51 7
44 52 8
44 53 9
44 54 10
44 55 11
44 56 12
44 57 13
44 58 14
44 59 15
44 60 16
44 61 17
44 62 18
44 63 19
44 64 20
44 65 21
44 66 22
44 67 23
44 68 24
44 69 25
44 70 26
44 71 27
44 72 28
44 73 29
44 74 30
44 75 31
44 76 32
44 77 33
44 78 34
44 79 35
44 80 36
44 81 37
44 82 38
44 83 39
44 84 40
45 46 1
45 47 2
45 48 3
45 49 4
45 50 5
45 51 6
45 52 7
45 53 8
45 54 9
45 55 10
45 56 11
45 57 12
45 58 13
45 59 14
45 60 15
45 61 16
45 62 17
45 63 18
45 64 19
45 65 20
45 66 21
45 67 22
45 68 23
45 69 24
45 70 25
45 71 26
45 72 27
45 73 28
45 74 29
45 75 30
45 76 31
45 77 32
45 78 33
45 79 34
45 80 35
45 81 36
45 82 37
45 83 38
45 84 39
46 47 1
46 48 2
46 49 3
46 50 4
46 51 5
46 52 6
46 53 7
46 54 8
46 55 9
46 56 10
46 57 11
46 58 12
46 59 13
46 60 14
46 61 15
46 62 16
46 63 17
46 64 18
46 65 19
46 66 20
46 67 21
46 68 22
46 69 23
46 70 24
46 71 25
46 72 26
46 73 27
46 74 28
46 75 29
46 76 30
46 77 31
46 78 32
46 79 33
46 80 34
46 81 35
46 82 36
46 83 37
46 84 38
47 48 1
47 49 2
47 50 3
47 51 4
47 52 5
47 53 6
47 54 7
47 55 8
47 56 9
47 57 10
47 58 11
47 59 12
47 60 13
47 61 14
47 62 15
47 63 16
47 64 17
47 65 18
47 66 19
47 67 20
47 68 21
47 69 22
47 70 23
47 71 24
47 72 25
47 73 26
47 74 27
47 75 28
47 76 29
47 77 30
47 78 31
47 79 32
47 80 33
47 81 34
47 82 35
47 83 36
47 84 37
48 49 1
48 50 2
48 51 3
48 52 4
48 53 5
48 54 6
48 55 7
48 56 8
48 57 9
48 58 10
48 59 11
48 60 12
48 61 13
48 62 14
48 63 15
48 64 16
48 65 17
48 66 18
48 67 19
48 68 20
48 69 21
48 70 22
48 71 23
48 72 24
48 73 25
48 74 26
48 75 27
48 76 28
48 77 29
48 78 30
48 79 31
48 80 32
48 81 33
48 82 34
48 83 35
48 84 36
49 50 1
49 51 2
49 52 3
49 53 4
49 54 5
49 55 6
49 56 7
49 57 8
49 58 9
49 59 10
49 60 11
49 61 12
49 62 13
49 63 14
49 64 15
49 65 16
49 66 17
49 67 18
49 68 19
49 69 20
49 70 21
49 71 22
49 72 23
49 73 24
49 74 25
49 75 26
49 76 27
49 77 28
49 78 29
49 79 30
49 80 31
49 81 32
49 82 33
49 83 34
49 84 35
50 51 1
50 52 2
50 53 3
50 54 4
50 55 5
50 56 6
50 57 7
50 58 8
50 59 9
50 60 10
50 61 11
50 62 12
50 63 13
50 64 14
50 65 15
50 66 16
50 67 17
50 68 18
50 69 19
50 70 20
50 71 21
50 72 22
50 73 23
50 74 24
50 75 25
50 76 26
50 77 27
50 78 28
50 79 29
50 80 30
50 81 31
50 82 32
50 83 33
50 84 34
51 52 1
51 53 2
51 54 3
51 55 4
51 56 5
51 57 6
51 58 7
51 59 8
51 60 9
51 61 10
51 62 11
51 63 12
51 64 13
51 65 14
51 66 15
51 67 16
51 68 17
51 69 18
51 70 19
51 71 20
51 72 21
51 73 22
51 74 23
51 75 24
51 76 25
51 77 26
51 78 27
51 79 28
51 80 29
51 81 30
51 82 31
51 83 32
51 84 33
52 53 1
52 54 2
52 55 3
52 56 4
52 57 5
52 58 6
52 59 7
52 60 8
52 61 9
52 62 10
52 63 11
52 64 12
52 65 13
52 66 14
52 67 15
52 68 16
52 69 17
52 70 18
52 71 19
52 72 20
52 73 21
52 74 22
52 75 23
52 76 24
52 77 25
52 78 26
52 79 27
52 80 28
52 81 29
52 82 30
52 83 31
52 84 32
53 54 1
53 55 2
53 56 3
53 57 4
53 58 5
53 59 6
53 60 7
53 61 8
53 62 9
53 63 10
53 64 11
53 65 12
53 66 13
53 67 14
53 68 15
53 69 16
53 70 17
53 71 18
53 72 19
53 73 20
53 74 21
53 75 22
53 76 23
53 77 24
53 78 25
53 79 26
53 80 27
53 81 28
53 82 29
53 83 30
53 84 31
54 55 1
54 56 2
54 57 3
54 58 4
54 59 5
54 60 6
54 61 7
54 62 8
54 63 9
54 64 10
54 65 11
54 66 12
54 67 13
54 68 14
54 69 15
54 70 16
54 71 17
54 72 18
54 73 19
54 74 20
54 75 21
54 76 22
54 77 23
54 78 24
54 79 25
54 80 26
54 81 27
54 82 28
54 83 29
54 84 30
55 56 1
55 57 2
55 58 3
55 59 4
55 60 5
55 61 6
55 62 7
55 63 8
55 64 9
55 65 10
55 66 11
55 67 12
55 68 13
55 69 14
55 70 15
55 71 16
55 72 17
55 73 18
55 74 19
55 75 20
55 76 21
55 77 22
55 78 23
55 79 24
55 80 25
55 81 26
55 82 27
55 83 28
55 84 29
56 57 1
56 58 2
56 59 3
56 60 4
56 61 5
56 62 6
56 63 7
56 64 8
56 65 9
56 66 10
56 67 11
56 68 12
56 69 13
56 70 14
56 71 15
56 72 16
56 73 17
56 74 18
56 75 19
56 76 20
56 77 21
56 78 22
56 79 23
56 80 24
56 81 25
56 82 26
56 83 27
56 84 28
57 58 1
57 59 2
57 60 3
57 61 4
57 62 5
57 63 6
57 64 7
57 65 8
57 66 9
57 67 10
57 68 11
57 69 12
57 70 13
57 71 14
57 72 15
57 73 16
57 74 17
57 75 18
57 76 19
57 77 20
57 78 21
57 79 22
57 80 23
57 81 24
57 82 25
57 83 26
57 84 27
58 59 1
58 60 2
58 61 3
58 62 4
58 63 5
58 64 6
58 65 7
58 66 8
58 67 9
58 68 10
58 69 11
58 70 12
58 71 13
58 72 14
58 73 15
58 74 16
58 75 17
58 76 18
58 77 19
58 78 20
58 79 21
58 80 22
58 81 23
58 82 24
58 83 25
58 84 26
59 60 1
59 61 2
59 62 3
59 63 4
59 64 5
59 65 6
59 66 7
59 67 8
59 68 9
59 69 10
59 70 11
59 71 12
59 72 13
59 73 14
59 74 15
59 75 16
59 76 17
59 77 18
59 78 19
59 79 20
59 80 21
59 81 22
59 82 23
59 83 24
59 84 25
60 61 1
60 62 2
60 63 3
60 64 4
60 65 5
60 66 6
60 67 7
60 68 8
60 69 9
60 70 10
60 71 11
60 72 12
60 73 13
60 74 14
60 75 15
60 76 16
60 77 17
60 78 18
60 79 19
60 80 20
60 81 21
60 82 22
60 83 23
60 84 24
61 62 1
61 63 2
61 64 3
61 65 4
61 66 5
61 67 6
61 68 7
61 69 8
61 70 9
61 71 10
61 72 11
61 73 12
61 74 13
61 75 14
61 76 15
61 77 16
61 78 17
61 79 18
61 80 19
61 81 20
61 82 21
61 83 22
61 84 23
62 63 1
62 64 2
62 65 3
62 66 4
62 67 5
62 68 6
62 69 7
62 70 8
62 71 9
62 72 10
62 73 11
62 74 12
62 75 13
62 76 14
62 77 15
62 78 16
62 79 17
62 80 18
62 81 19
62 82 20
62 83 21
62 84 22
63 64 1
63 65 2
63 66 3
63 67 4
63 68 5
63 69 6
63 70 7
63 71 8
63 72 9
63 73 10
63 74 11
63 75 12
63 76 13
63 77 14
63 78 15
63 79 16
63 80 17
63 81 18
63 82 19
63 83 20
63 84 21
64 65 1
64 66 2
64 67 3
64 68 4
64 69 5
64 70 6
64 71 7
64 72 8
64 73 9
64 74 10
64 75 11
64 76 12
64 77 13
64 78 14
64 79 15
64 80 16
64 81 17
64 82 18
64 83 19
64 84 20
65 66 1
65 67 2
65 68 3
65 69 4
65 70 5
65 71 6
65 72 7
65 73 8
65 74 9
65 75 10
65 76 11
65 77 12
65 78 13
65 79 14
65 80 15
65 81 16
65 82 17
65 83 18
65 84 19
66 67 1
66 68 2
66 69 3
66 70 4
66 71 5
66 72 6
66 73 7
66 74 8
66 75 9
66 76 10
66 77 11
66 78 12
66 79 13
66 80 14
66 81 15
66 82 16
66 83 17
66 84 18
67 68 1
67 69 2
67 70 3
67 71 4
67 72 5
67 73 6
67 74 7
67 75 8
67 76 9
67 77 10
67 78 11
67 79 12
67 80 13
67 81 14
67 82 15
67 83 16
67 84 17
68 69 1
68 70 2
68 71 3
68 72 4
68 73 5
68 74 6
68 75 7
68 76 8
68 77 9
68 78 10
68 79 11
68 80 12
68 81 13
68 82 14
68 83 15
68 84 16
69 70 1
69 71 2
69 72 3
69 73 4
69 74 5
69 75 6
69 76 7
69 77 8
69 78 9
69 79 10
69 80 11
69 81 12
69 82 13
69 83 14
69 84 15
70 71 1
70 72 2
70 73 3
70 74 4
70 75 5
70 76 6
70 77 7
70 78 8
70 79 9
70 80 10
70 81 11
70 82 12
70 83 13
70 84 14
71 72 1
71 73 2
71 74 3
71 75 4
71 76 5
71 77 6
71 78 7
71 79 8
71 80 9
71 81 10
71 82 11
71 83 12
71 84 13
72 73 1
72 74 2
72 75 3
72 76 4
72 77 5
72 78 6
72 79 7
72 80 8
72 81 9
72 82 10
72 83 11
72 84 12
73 74 1
73 75 2
73 76 3
73 77 4
73 78 5
73 79 6
73 80 7
73 81 8
73 82 9
73 83 10
73 84 11
74 75 1
74 76 2
74 77 3
74 78 4
74 79 5
74 80 6
74 81 7
74 82 8
74 83 9
74 84 10
75 76 1
75 77 2
75 78 3
75 79 4
75 80 5
75 81 6
75 82 7
75 83 8
75 84 9
76 77 1
76 78 2
76 79 3
76 80 4
76 81 5
76 82 6
76 83 7
76 84 8
77 78 1
77 79 2
77 80 3
77 81 4
77 82 5
77 83 6
77 84 7
78 79 1
78 80 2
78 81 3
78 82 4
78 83 5
78 84 6
79 80 1
79 81 2
79 82 3
79 83 4
79 84 5
80 81 1
80 82 2
80 83 3
80 84 4
81 82 1
81 83 2
81 84 3
82 83 1
82 84 2
83 84 1
1 0 84
2 0 83
2 1 84
3 0 82
3 1 83
3 2 84
4 0 81
4 1 82
4 2 83
4 3 84
5 0 80
5 1 81
5 2 82
5 3 83
5 4 84
6 0 79
6 1 80
6 2 81
6 3 82
6 4 83
6 5 84
7 0 78
7 1 79
7 2 80
7 3 81
7 4 82
7 5 83
7 6 84
8 0 77
8 1 78
8 2 79
8 3 80
8 4 81
8 5 82
8 6 83
8 7 84
9 0 76
9 1 77
9 2 78
9 3 79
9 4 80
9 5 81
9 6 82
9 7 83
9 8 84
10 0 75
10 1 76
10 2 77
10 3 78
10 4 79
10 5 80
10 6 81
10 7 82
10 8 83
10 9 84
11 0 74
11 1 75
11 2 76
11 3 77
11 4 78
11 5 79
11 6 80
11 7 81
11 8 82
11 9 83
11 10 84
12 0 73
12 1 74
12 2 75
12 3 76
12 4 77
12 5 78
12 6 79
12 7 80
12 8 81
12 9 82
12 10 83
12 11 84
13 0 72
13 1 73
13 2 74
13 3 75
13 4 76
13 5 77
13 6 78
13 7 79
13 8 80
13 9 81
13 10 82
13 11 83
13 12 84
14 0 71
14 1 72
14 2 73
14 3 74
14 4 75
14 5 76
14 6 77
14 7 78
14 8 79
14 9 80
14 10 81
14 11 82
14 12 83
14 13 84
15 0 70
15 1 71
15 2 72
15 3 73
15 4 74
15 5 75
15 6 76
15 7 77
15 8 78
15 9 79
15 10 80
15 11 81
15 12 82
15 13 83
15 14 84
16 0 69
16 1 70
16 2 71
16 3 72
16 4 73
16 5 74
16 6 75
16 7 76
16 8 77
16 9 78
16 10 79
16 11 80
16 12 81
16 13 82
16 14 83
16 15 84
17 0 68
17 1 69
17 2 70
17 3 71
17 4 72
17 5 73
17 6 74
17 7 75
17 8 76
17 9 77
17 10 78
17 11 79
17 12 80
17 13 81
17 14 82
17 15 83
17 16 84
18 0 67
18 1 68
18 2 69
18 3 70
18 4 71
18 5 72
18 6 73
18 7 74
18 8 75
18 9 76
18 10 77
18 11 78
18 12 79
18 13 80
18 14 81
18 15 82
18 16 83
18 17 84
19 0 66
19 1 67
19 2 68
19 3 69
19 4 70
19 5 71
19 6 72
19 7 73
19 8 74
19 9 75
19 10 76
19 11 77
19 12 78
19 13 79
19 14 80
19 15 81
19 16 82
19 17 83
19 18 84
20 0 65
20 1 66
20 2 67
20 3 68
20 4 69
20 5 70
20 6 71
20 7 72
20 8 73
20 9 74
20 10 75
20 11 76
20 12 77
20 13 78
20 14 79
20 15 80
20 16 81
20 17 82
20 18 83
20 19 84
21 0 64
21 1 65
21 2 66
21 3 67
21 4 68
21 5 69
21 6 70
21 7 71
21 8 72
21 9 73
21 10 74
21 11 75
21 12 76
21 13 77
21 14 78
21 15 79
21 16 80
21 17 81
21 18 82
21 19 83
21 20 84
22 0 63
22 1 64
22 2 65
22 3 66
22 4 67
22 5 68
22 6 69
22 7 70
22 8 71
22 9 72
22 10 73
22 11 74
22 12 75
22 13 76
22 14 77
22 15 78
22 16 79
22 17 80
22 18 81
22 19 82
22 20 83
22 21 84
23 0 62
23 1 63
23 2 64
23 3 65
23 4 66
23 5 67
23 6 68
23 7 69
23 8 70
23 9 71
23 10 72
23 11 73
23 12 74
23 13 75
23 14 76
23 15 77
23 16 78
23 17 79
23 18 80
23 19 81
23 20 82
23 21 83
23 22 84
24 0 61
24 1 62
24 2 63
24 3 64
24 4 65
24 5 66
24 6 67
24 7 68
24 8 69
24 9 70
24 10 71
24 11 72
24 12 73
24 13 74
24 14 75
24 15 76
24 16 77
24 17 78
24 18 79
24 19 80
24 20 81
24 21 82
24 22 83
24 23 84
25 0 60
25 1 61
25 2 62
25 3 63
25 4 64
25 5 65
25 6 66
25 7 67
25 8 68
25 9 69
25 10 70
25 11 71
25 12 72
25 13 73
25 14 74
25 15 75
25 16 76
25 17 77
25 18 78
25 19 79
25 20 80
25 21 81
25 22 82
25 23 83
25 24 84
26 0 59
26 1 60
26 2 61
26 3 62
26 4 63
26 5 64
26 6 65
26 7 66
26 8 67
26 9 68
26 10 69
26 11 70
26 12 71
26 13 72
26 14 73
26 15 74
26 16 75
26 17 76
26 18 77
26 19 78
26 20 79
26 21 80
26 22 81
26 23 82
26 24 83
26 25 84
27 0 58
27 1 59
27 2 60
27 3 61
27 4 62
27 5 63
27 6 64
27 7 65
27 8 66
27 9 67
27 10 68
27 11 69
27 12 70
27 13 71
27 14 72
27 15 73
27 16 74
27 17 75
27 18 76
27 19 77
27 20 78
27 21 79
27 22 80
27 23 81
27 24 82
27 25 83
27 26 84
28 0 57
28 1 58
28 2 59
28 3 60
28 4 61
28 5 62
28 6 63
28 7 64
28 8 65
28 9 66
28 10 67
28 11 68
28 12 69
28 13 70
28 14 71
28 15 72
28 16 73
28 17 74
28 18 75
28 19 76
28 20 77
28 21 78
28 22 79
28 23 80
28 24 81
28 25 82
28 26 83
28 27 84
29 0 56
29 1 57
29 2 58
29 3 59
29 4 60
29 5 61
29 6 62
29 7 63
29 8 64
29 9 65
29 10 66
29 11 67
29 12 68
29 13 69
29 14 70
29 15 71
29 16 72
29 17 73
29 18 74
29 19 75
29 20 76
29 21 77
29 22 78
29 23 79
29 24 80
29 25 81
29 26 82
29 27 83
29 28 84
30 0 55
30 1 56
30 2 57
30 3 58
30 4 59
30 5 60
30 6 61
30 7 62
30 8 63
30 9 64
30 10 65
30 11 66
30 12 67
30 13 68
30 14 69
30 15 70
30 16 71
30 17 72
30 18 73
30 19 74
30 20 75
30 21 76
30 22 77
30 23 78
30 24 79
30 25 80
30 26 81
30 27 82
30 28 83
30 29 84
31 0 54
31 1 55
31 2 56
31 3 57
31 4 58
31 5 59
31 6 60
31 7 61
31 8 62
31 9 63
31 10 64
31 11 65
31 12 66
31 13 67
31 14 68
31 15 69
31 16 70
31 17 71
31 18 72
31 19 73
31 20 74
31 21 75
31 22 76
31 23 77
31 24 78
31 25 79
31 26 80
31 27 81
31 28 82
31 29 83
31 30 84
32 0 53
32 1 54
32 2 55
32 3 56
32 4 57
32 5 58
32 6 59
32 7 60
32 8 61
32 9 62
32 10 63
32 11 64
32 12 65
32 13 66
32 14 67
32 15 68
32 16 69
32 17 70
32 18 71
32 19 72
32 20 73
32 21 74
32 22 75
32 23 76
32 24 77
32 25 78
32 26 79
32 27 80
32 28 81
32 29 82
32 30 83
32 31 84
33 0 52
33 1 53
33 2 54
33 3 55
33 4 56
33 5 57
33 6 58
33 7 59
33 8 60
33 9 61
33 10 62
33 11 63
33 12 64
33 13 65
33 14 66
33 15 67
33 16 68
33 17 69
33 18 70
33 19 71
33 20 72
33 21 73
33 22 74
33 23 75
33 24 76
33 25 77
33 26 78
33 27 79
33 28 80
33 29 81
33 30 82
33 31 83
33 32 84
34 0 51
34 1 52
34 2 53
34 3 54
34 4 55
34 5 56
34 6 57
34 7 58
34 8 59
34 9 60
34 10 61
34 11 62
34 12 63
34 13 64
34 14 65
34 15 66
34 16 67
34 17 68
34 18 69
34 19 70
34 20 71
34 21 72
34 22 73
34 23 74
34 24 75
34 25 76
34 26 77
34 27 78
34 28 79
34 29 80
34 30 81
34 31 82
34 32 83
34 33 84
35 0 50
35 1 51
35 2 52
35 3 53
35 4 54
35 5 55
35 6 56
35 7 57
35 8 58
35 9 59
35 10 60
35 11 61
35 12 62
35 13 63
35 14 64
35 15 65
35 16 66
35 17 67
35 18 68
35 19 69
35 20 70
35 21 71
35 22 72
35 23 73
35 24 74
35 25 75
35 26 76
35 27 77
35 28 78
35 29 79
35 30 80
35 31 81
35 32 82
35 33 83
35 34 84
36 0 49
36 1 50
36 2 51
36 3 52
36 4 53
36 5 54
36 6 55
36 7 56
36 8 57
36 9 58
36 10 59
36 11 60
36 12 61
36 13 62
36 14 63
36 15 64
36 16 65
36 17 66
36 18 67
36 19 68
36 20 69
36 21 70
36 22 71
36 23 72
36 24 73
36 25 74
36 26 75
36 27 76
36 28 77
36 29 78
36 30 79
36 31 80
36 32 81
36 33 82
36 34 83
36 35 84
37 0 48
37 1 49
37 2 50
37 3 51
37 4 52
37 5 53
37 6 54
37 7 55
37 8 56
37 9 57
37 10 58
37 11 59
37 12 60
37 13 61
37 14 62
37 15 63
37 16 64
37 17 65
37 18 66
37 19 67
37 20 68
37 21 69
37 22 70
37 23 71
37 24 72
37 25 73
37 26 74
37 27 75
37 28 76
37 29 77
37 30 78
37 31 79
37 32 80
37 33 81
37 34 82
37 35 83
37 36 84
38 0 47
38 1 48
38 2 49
38 3 50
38 4 51
38 5 52
38 6 53
38 7 54
38 8 55
38 9 56
38 10 57
38 11 58
38 12 59
38 13 60
38 14 61
38 15 62
38 16 63
38 17 64
38 18 65
38 19 66
38 20 67
38 21 68
38 22 69
38 23 70
38 24 71
38 25 72
38 26 73
38 27 74
38 28 75
38 29 76
38 30 77
38 31 78
38 32 79
38 33 80
38 34 81
38 35 82
38 36 83
38 37 84
39 0 46
39 1 47
39 2 48
39 3 49
39 4 50
39 5 51
39 6 52
39 7 53
39 8 54
39 9 55
39 10 56
39 11 57
39 12 58
39 13 59
39 14 60
39 15 61
39 16 62
39 17 63
39 18 64
39 19 65
39 20 66
39 21 67
39 22 68
39 23 69
39 24 70
39 25 71
39 26 72
39 27 73
39 28 74
39 29 75
39 30 76
39 31 77
39 32 78
39 33 79
39 34 80
39 35 81
39 36 82
39 37 83
39 38 84
40 0 45
40 1 46
40 2 47
40 3 48
40 4 49
40 5 50
40 6 51
40 7 52
40 8 53
40 9 54
40 10 55
40 11 56
40 12 57
40 13 58
40 14 59
40 15 60
40 16 61
40 17 62
40 18 63
40 19 64
40 20 65
40 21 66
40 22 67
40 23 68
40 24 69
40 25 70
40 26 71
40 27 72
40 28 73
40 29 74
40 30 75
40 31 76
40 32 77
40 33 78
40 34 79
40 35 80
40 36 81
40 37 82
40 38 83
40 39 84
41 0 44
41 1 45
41 2 46
41 3 47
41 4 48
41 5 49
41 6 50
41 7 51
41 8 52
41 9 53
41 10 54
41 11 55
41 12 56
41 13 57
41 14 58
41 15 59
41 16 60
41 17 61
41 18 62
41 19 63
41 20 64
41 21 65
41 22 66
41 23 67
41 24 68
41 25 69
41 26 70
41 27 71
41 28 72
41 29 73
41 30 74
41 31 75
41 32 76
41 33 77
41 34 78
41 35 79
41 36 80
41 37 81
41 38 82
41 39 83
41 40 84
42 0 43
42 1 44
42 2 45
42 3 46
42 4 47
42 5 48
42 6 49
42 7 50
42 8 51
42 9 52
42 10 53
42 11 54
42 12 55
42 13 56
42 14 57
42 15 58
42 16 59
42 17 60
42 18 61
42 19 62
42 20 63
42 21 64
42 22 65
42 23 66
42 24 67
42 25 68
42 26 69
42 27 70
42 28 71
42 29 72
42 30 73
42 31 74
42 32 75
42 33 76
42 34 77
42 35 78
42 36 79
42 37 80
42 38 81
42 39 82
42 40 83
42 41 84
43 0 42
43 1 43
43 2 44
43 3 45
43 4 46
43 5 47
43 6 48
43 7 49
43 8 50
43 9 51
43 10 52
43 11 53
43 12 54
43 13 55
43 14 56
43 15 57
43 16 58
43 17 59
43 18 60
43 19 61
43 20 62
43 21 63
43 22 64
43 23 65
43 24 66
43 25 67
43 26 68
43 27 69
43 28 70
43 29 71
43 30 72
43 31 73
43 32 74
43 33 75
43 34 76
43 35 77
43 36 78
43 37 79
43 38 80
43 39 81
43 40 82
43 41 83
43 42 84
44 0 41
44 1 42
44 2 43
44 3 44
44 4 45
44 5 46
44 6 47
44 7 48
44 8 49
44 9 50
44 10 51
44 11 52
44 12 53
44 13 54
44 14 55
44 15 56
44 16 57
44 17 58
44 18 59
44 19 60
44 20 61
44 21 62
44 22 63
44 23 64
44 24 65
44 25 66
44 26 67
44 27 68
44 28 69
44 29 70
44 30 71
44 31 72
44 32 73
44 33 74
44 34 75
44 35 76
44 36 77
44 37 78
44 38 79
44 39 80
44 40 81
44 41 82
44 42 83
44 43 84
45 0 40
45 1 41
45 2 42
45 3 43
45 4 44
45 5 45
45 6 46
45 7 47
45 8 48
45 9 49
45 10 50
45 11 51
45 12 52
45 13 53
45 14 54
45 15 55
45 16 56
45 17 57
45 18 58
45 19 59
45 20 60
45 21 61
45 22 62
45 23 63
45 24 64
45 25 65
45 26 66
45 27 67
45 28 68
45 29 69
45 30 70
45 31 71
45 32 72
45 33 73
45 34 74
45 35 75
45 36 76
45 37 77
45 38 78
45 39 79
45 40 80
45 41 81
45 42 82
45 43 83
45 44 84
46 0 39
46 1 40
46 2 41
46 3 42
46 4 43
46 5 44
46 6 45
46 7 46
46 8 47
46 9 48
46 10 49
46 11 50
46 12 51
46 13 52
46 14 53
46 15 54
46 16 55
46 17 56
46 18 57
46 19 58
46 20 59
46 21 60
46 22 61
46 23 62
46 24 63
46 25 64
46 26 65
46 27 66
46 28 67
46 29 68
46 30 69
46 31 70
46 32 71
46 33 72
46 34 73
46 35 74
46 36 75
46 37 76
46 38 77
46 39 78
46 40 79
46 41 80
46 42 81
46 43 82
46 44 83
46 45 84
47 0 38
47 1 39
47 2 40
47 3 41
47 4 42
47 5 43
47 6 44
47 7 45
47 8 46
47 9 47
47 10 48
47 11 49
47 12 50
47 13 51
47 14 52
47 15 53
47 16 54
47 17 55
47 18 56
47 19 57
47 20 58
47 21 59
47 22 60
47 23 61
47 24 62
47 25 63
47 26 64
47 27 65
47 28 66
47 29 67
47 30 68
47 31 69
47 32 70
47 33 71
47 34 72
47 35 73
47 36 74
47 37 75
47 38 76
47 39 77
47 40 78
47 41 79
47 42 80
47 43 81
47 44 82
47 45 83
47 46 84
48 0 37
48 1 38
48 2 39
48 3 40
48 4 41
48 5 42
48 6 43
48 7 44
48 8 45
48 9 46
48 10 47
48 11 48
48 12 49
48 13 50
48 14 51
48 15 52
48 16 53
48 17 54
48 18 55
48 19 56
48 20 57
48 21 58
48 22 59
48 23 60
48 24 61
48 25 62
48 26 63
48 27 64
48 28 65
48 29 66
48 30 67
48 31 68
48 32 69
48 33 70
48 34 71
48 35 72
48 36 73
48 37 74
48 38 75
48 39 76
48 40 77
48 41 78
48 42 79
48 43 80
48 44 81
48 45 82
48 46 83
48 47 84
49 0 36
49 1 37
49 2 38
49 3 39
49 4 40
49 5 41
49 6 42
49 7 43
49 8 44
49 9 45
49 10 46
49 11 47
49 12 48
49 13 49
49 14 50
49 15 51
49 16 52
49 17 53
49 18 54
49 19 55
49 20 56
49 21 57
49 22 58
49 23 59
49 24 60
49 25 61
49 26 62
49 27 63
49 28 64
49 29 65
49 30 66
49 31 67
49 32 68
49 33 69
49 34 70
49 35 71
49 36 72
49 37 73
49 38 74
49 39 75
49 40 76
49 41 77
49 42 78
49 43 79
49 44 80
49 45 81
49 46 82
49 47 83
49 48 84
50 0 35
50 1 36
50 2 37
50 3 38
50 4 39
50 5 40
50 6 41
50 7 42
50 8 43
50 9 44
50 10 45
50 11 46
50 12 47
50 13 48
50 14 49
50 15 50
50 16 51
50 17 52
50 18 53
50 19 54
50 20 55
50 21 56
50 22 57
50 23 58
50 24 59
50 25 60
50 26 61
50 27 62
50 28 63
50 29 64
50 30 65
50 31 66
50 32 67
50 33 68
50 34 69
50 35 70
50 36 71
50 37 72
50 38 73
50 39 74
50 40 75
50 41 76
50 42 77
50 43 78
50 44 79
50 45 80
50 46 81
50 47 82
50 48 83
50 49 84
51 0 34
51 1 35
51 2 36
51 3 37
51 4 38
51 5 39
51 6 40
51 7 41
51 8 42
51 9 43
51 10 44
51 11 45
51 12 46
51 13 47
51 14 48
51 15 49
51 16 50
51 17 51
51 18 52
51 19 53
51 20 54
51 21 55
51 22 56
51 23 57
51 24 58
51 25 59
51 26 60
51 27 61
51 28 62
51 29 63
51 30 64
51 31 65
51 32 66
51 33 67
51 34 68
51 35 69
51 36 70
51 37 71
51 38 72
51 39 73
51 40 74
51 41 75
51 42 76
51 43 77
51 44 78
51 45 79
51 46 80
51 47 81
51 48 82
51 49 83
51 50 84
52 0 33
52 1 34
52 2 35
52 3 36
52 4 37
52 5 38
52 6 39
52 7 40
52 8 41
52 9 42
52 10 43
52 11 44
52 12 45
52 13 46
52 14 47
52 15 48
52 16 49
52 17 50
52 18 51
52 19 52
52 20 53
52 21 54
52 22 55
52 23 56
52 24 57
52 25 58
52 26 59
52 27 60
52 28 61
52 29 62
52 30 63
52 31 64
52 32 65
52 33 66
52 34 67
52 35 68
52 36 69
52 37 70
52 38 71
52 39 72
52 40 73
52 41 74
52 42 75
52 43 76
52 44 77
52 45 78
52 46 79
52 47 80
52 48 81
52 49 82
52 50 83
52 51 84
53 0 32
53 1 33
53 2 34
53 3 35
53 4 36
53 5 37
53 6 38
53 7 39
53 8 40
53 9 41
53 10 42
53 11 43
53 12 44
53 13 45
53 14 46
53 15 47
53 16 48
53 17 49
53 18 50
53 19 51
53 20 52
53 21 53
53 22 54
53 23 55
53 24 56
53 25 57
53 26 58
53 27 59
53 28 60
53 29 61
53 30 62
53 31 63
53 32 64
53 33 65
53 34 66
53 35 67
53 36 68
53 37 69
53 38 70
53 39 71
53 40 72
53 41 73
53 42 74
53 43 75
53 44 76
53 45 77
53 46 78
53 47 79
53 48 80
53 49 81
53 50 82
53 51 83
53 52 84
54 0 31
54 1 32
54 2 33
54 3 34
54 4 35
54 5 36
54 6 37
54 7 38
54 8 39
54 9 40
54 10 41
54 11 42
54 12 43
54 13 44
54 14 45
54 15 46
54 16 47
54 17 48
54 18 49
54 19 50
54 20 51
54 21 52
54 22 53
54 23 54
54 24 55
54 25 56
54 26 57
54 27 58
54 28 59
54 29 60
54 30 61
54 31 62
54 32 63
54 33 64
54 34 65
54 35 66
54 36 67
54 37 68
54 38 69
54 39 70
54 40 71
54 41 72
54 42 73
54 43 74
54 44 75
54 45 76
54 46 77
54 47 78
54 48 79
54 49 80
54 50 81
54 51 82
54 52 83
54 53 84
55 0 30
55 1 31
55 2 32
55 3 33
55 4 34
55 5 35
55 6 36
55 7 37
55 8 38
55 9 39
55 10 40
55 11 41
55 12 42
55 13 43
55 14 44
55 15 45
55 16 46
55 17 47
55 18 48
55 19 49
55 20 50
55 21 51
55 22 52
55 23 53
55 24 54
55 25 55
55 26 56
55 27 57
55 28 58
55 29 59
55 30 60
55 31 61
55 32 62
55 33 63
55 34 64
55 35 65
55 36 66
55 37 67
55 38 68
55 39 69
55 40 70
55 41 71
55 42 72
55 43 73
55 44 74
55 45 75
55 46 76
55 47 77
55 48 78
55 49 79
55 50 80
55 51 81
55 52 82
55 53 83
55 54 84
56 0 29
56 1 30
56 2 31
56 3 32
56 4 33
56 5 34
56 6 35
56 7 36
56 8 37
56 9 38
56 10 39
56 11 40
56 12 41
56 13 42
56 14 43
56 15 44
56 16 45
56 17 46
56 18 47
56 19 48
56 20 49
56 21 50
56 22 51
56 23 52
56 24 53
56 25 54
56 26 55
56 27 56
56 28 57
56 29 58
56 30 59
56 31 60
56 32 61
56 33 62
56 34 63
56 35 64
56 36 65
56 37 66
56 38 67
56 39 68
56 40 69
56 41 70
56 42 71
56 43 72
56 44 73
56 45 74
56 46 75
56 47 76
56 48 77
56 49 78
56 50 79
56 51 80
56 52 81
56 53 82
56 54 83
56 55 84
57 0 28
57 1 29
57 2 30
57 3 31
57 4 32
57 5 33
57 6 34
57 7 35
57 8 36
57 9 37
57 10 38
57 11 39
57 12 40
57 13 41
57 14 42
57 15 43
57 16 44
57 17 45
57 18 46
57 19 47
57 20 48
57 21 49
57 22 50
57 23 51
57 24 52
57 25 53
57 26 54
57 27 55
57 28 56
57 29 57
57 30 58
57 31 59
57 32 60
57 33 61
57 34 62
57 35 63
57 36 64
57 37 65
57 38 66
57 39 67
57 40 68
57 41 69
57 42 70
57 43 71
57 44 72
57 45 73
57 46 74
57 47 75
57 48 76
57 49 77
57 50 78
57 51 79
57 52 80
57 53 81
57 54 82
57 55 83
57 56 84
58 0 27
58 1 28
58 2 29
58 3 30
58 4 31
58 5 32
58 6 33
58 7 34
58 8 35
58 9 36
58 10 37
58 11 38
58 12 39
58 13 40
58 14 41
58 15 42
58 16 43
58 17 44
58 18 45
58 19 46
58 20 47
58 21 48
58 22 49
58 23 50
58 24 51
58 25 52
58 26 53
58 27 54
58 28 55
58 29 56
58 30 57
58 31 58
58 32 59
58 33 60
58 34 61
58 35 62
58 36 63
58 37 64
58 38 65
58 39 66
58 40 67
58 41 68
58 42 69
58 43 70
58 44 71
58 45 72
58 46 73
58 47 74
58 48 75
58 49 76
58 50 77
58 51 78
58 52 79
58 53 80
58 54 81
58 55 82
58 56 83
58 57 84
59 0 26
59 1 27
59 2 28
59 3 29
59 4 30
59 5 31
59 6 32
59 7 33
59 8 34
59 9 35
59 10 36
59 11 37
59 12 38
59 13 39
59 14 40
59 15 41
59 16 42
59 17 43
59 18 44
59 19 45
59 20 46
59 21 47
59 22 48
59 23 49
59 24 50
59 25 51
59 26 52
59 27 53
59 28 54
59 29 55
59 30 56
59 31 57
59 32 58
59 33 59
59 34 60
59 35 61
59 36 62
59 37 63
59 38 64
59 39 65
59 40 66
59 41 67
59 42 68
59 43 69
59 44 70
59 45 71
59 46 72
59 47 73
59 48 74
59 49 75
59 50 76
59 51 77
59 52 78
59 53 79
59 54 80
59 55 81
59 56 82
59 57 83
59 58 84
60 0 25
60 1 26
60 2 27
60 3 28
60 4 29
60 5 30
60 6 31
60 7 32
60 8 33
60 9 34
60 10 35
60 11 36
60 12 37
60 13 38
60 14 39
60 15 40
60 16 41
60 17 42
60 18 43
60 19 44
60 20 45
60 21 46
60 22 47
60 23 48
60 24 49
60 25 50
60 26 51
60 27 52
60 28 53
60 29 54
60 30 55
60 31 56
60 32 57
60 33 58
60 34 59
60 35 60
60 36 61
60 37 62
60 38 63
60 39 64
60 40 65
60 41 66
60 42 67
60 43 68
60 44 69
60 45 70
60 46 71
60 47 72
60 48 73
60 49 74
60 50 75
60 51 76
60 52 77
60 53 78
60 54 79
60 55 80
60 56 81
60 57 82
60 58 83
60 59 84
61 0 24
61 1 25
61 2 26
61 3 27
61 4 28
61 5 29
61 6 30
61 7 31
61 8 32
61 9 33
61 10 34
61 11 35
61 12 36
61 13 37
61 14 38
61 15 39
61 16 40
61 17 41
61 18 42
61 19 43
61 20 44
61 21 45
61 22 46
61 23 47
61 24 48
61 25 49
61 26 50
61 27 51
61 28 52
61 29 53
61 30 54
61 31 55
61 32 56
61 33 57
61 34 58
61 35 59
61 36 60
61 37 61
61 38 62
61 39 63
61 40 64
61 41 65
61 42 66
61 43 67
61 44 68
61 45 69
61 46 70
61 47 71
61 48 72
61 49 73
61 50 74
61 51 75
61 52 76
61 53 77
61 54 78
61 55 79
61 56 80
61 57 81
61 58 82
61 59 83
61 60 84
62 0 23
62 1 24
62 2 25
62 3 26
62 4 27
62 5 28
62 6 29
62 7 30
62 8 31
62 9 32
62 10 33
62 11 34
62 12 35
62 13 36
62 14 37
62 15 38
62 16 39
62 17 40
62 18 41
62 19 42
62 20 43
62 21 44
62 22 45
62 23 46
62 24 47
62 25 48
62 26 49
62 27 50
62 28 51
62 29 52
62 30 53
62 31 54
62 32 55
62 33 56
62 34 57
62 35 58
62 36 59
62 37 60
62 38 61
62 39 62
62 40 63
62 41 64
62 42 65
62 43 66
62 44 67
62 45 68
62 46 69
62 47 70
62 48 71
62 49 72
62 50 73
62 51 74
62 52 75
62 53 76
62 54 77
62 55 78
62 56 79
62 57 80
62 58 81
62 59 82
62 60 83
62 61 84
63 0 22
63 1 23
63 2 24
63 3 25
63 4 26
63 5 27
63 6 28
63 7 29
63 8 30
63 9 31
63 10 32
63 11 33
63 12 34
63 13 35
63 14 36
63 15 37
63 16 38
63 17 39
63 18 40
63 19 41
63 20 42
63 21 43
63 22 44
63 23 45
63 24 46
63 25 47
63 26 48
63 27 49
63 28 50
63 29 51
63 30 52
63 31 53
63 32 54
63 33 55
63 34 56
63 35 57
63 36 58
63 37 59
63 38 60
63 39 61
63 40 62
63 41 63
63 42 64
63 43 65
63 44 66
63 45 67
63 46 68
63 47 69
63 48 70
63 49 71
63 50 72
63 51 73
63 52 74
63 53 75
63 54 76
63 55 77
63 56 78
63 57 79
63 58 80
63 59 81
63 60 82
63 61 83
63 62 84
64 0 21
64 1 22
64 2 23
64 3 24
64 4 25
64 5 26
64 6 27
64 7 28
64 8 29
64 9 30
64 10 31
64 11 32
64 12 33
64 13 34
64 14 35
64 15 36
64 16 37
64 17 38
64 18 39
64 19 40
64 20 41
64 21 42
64 22 43
64 23 44
64 24 45
64 25 46
64 26 47
64 27 48
64 28 49
64 29 50
64 30 51
64 31 52
64 32 53
64 33 54
64 34 55
64 35 56
64 36 57
64 37 58
64 38 59
64 39 60
64 40 61
64 41 62
64 42 63
64 43 64
64 44 65
64 45 66
64 46 67
64 47 68
64 48 69
64 49 70
64 50 71
64 51 72
64 52 73
64 53 74
64 54 75
64 55 76
64 56 77
64 57 78
64 58 79
64 59 80
64 60 81
64 61 82
64 62 83
64 63 84
65 0 20
65 1 21
65 2 22
65 3 23
65 4 24
65 5 25
65 6 26
65 7 27
65 8 28
65 9 29
65 10 30
65 11 31
65 12 32
65 13 33
65 14 34
65 15 35
65 16 36
65 17 37
65 18 38
65 19 39
65 20 40
65 21 41
65 22 42
65 23 43
65 24 44
65 25 45
65 26 46
65 27 47
65 28 48
65 29 49
65 30 50
65 31 51
65 32 52
65 33 53
65 34 54
65 35 55
65 36 56
65 37 57
65 38 58
65 39 59
65 40 60
65 41 61
65 42 62
65 43 63
65 44 64
65 45 65
65 46 66
65 47 67
65 48 68
65 49 69
65 50 70
65 51 71
65 52 72
65 53 73
65 54 74
65 55 75
65 56 76
65 57 77
65 58 78
65 59 79
65 60 80
65 61 81
65 62 82
65 63 83
65 64 84
66 0 19
66 1 20
66 2 21
66 3 22
66 4 23
66 5 24
66 6 25
66 7 26
66 8 27
66 9 28
66 10 29
66 11 30
66 12 31
66 13 32
66 14 33
66 15 34
66 16 35
66 17 36
66 18 37
66 19 38
66 20 39
66 21 40
66 22 41
66 23 42
66 24 43
66 25 44
66 26 45
66 27 46
66 28 47
66 29 48
66 30 49
66 31 50
66 32 51
66 33 52
66 34 53
66 35 54
66 36 55
66 37 56
66 38 57
66 39 58
66 40 59
66 41 60
66 42 61
66 43 62
66 44 63
66 45 64
66 46 65
66 47 66
66 48 67
66 49 68
66 50 69
66 51 70
66 52 71
66 53 72
66 54 73
66 55 74
66 56 75
66 57 76
66 58 77
66 59 78
66 60 79
66 61 80
66 62 81
66 63 82
66 64 83
66 65 84
67 0 18
67 1 19
67 2 20
67 3 21
67 4 22
67 5 23
67 6 24
67 7 25
67 8 26
67 9 27
67 10 28
67 11 29
67 12 30
67 13 31
67 14 32
67 15 33
67 16 34
67 17 35
67 18 36
67 19 37
67 20 38
67 21 39
67 22 40
67 23 41
67 24 42
67 25 43
67 26 44
67 27 45
67 28 46
67 29 47
67 30 48
67 31 49
67 32 50
67 33 51
67 34 52
67 35 53
67 36 54
67 37 55
67 38 56
67 39 57
67 40 58
67 41 59
67 42 60
67 43 61
67 44 62
67 45 63
67 46 64
67 47 65
67 48 66
67 49 67
67 50 68
67 51 69
67 52 70
67 53 71
67 54 72
67 55 73
67 56 74
67 57 75
67 58 76
67 59 77
67 60 78
67 61 79
67 62 80
67 63 81
67 64 82
67 65 83
67 66 84
68 0 17
68 1 18
68 2 19
68 3 20
68 4 21
68 5 22
68 6 23
68 7 24
68 8 25
68 9 26
68 10 27
68 11 28
68 12 29
68 13 30
68 14 31
68 15 32
68 16 33
68 17 34
68 18 35
68 19 36
68 20 37
68 21 38
68 22 39
68 23 40
68 24 41
68 25 42
68 26 43
68 27 44
68 28 45
68 29 46
68 30 47
68 31 48
68 32 49
68 33 50
68 34 51
68 35 52
68 36 53
68 37 54
68 38 55
68 39 56
68 40 57
68 41 58
68 42 59
68 43 60
68 44 61
68 45 62
68 46 63
68 47 64
68 48 65
68 49 66
68 50 67
68 51 68
68 52 69
68 53 70
68 54 71
68 55 72
68 56 73
68 57 74
68 58 75
68 59 76
68 60 77
68 61 78
68 62 79
68 63 80
68 64 81
68 65 82
68 66 83
68 67 84
69 0 16
69 1 17
69 2 18
69 3 19
69 4 20
69 5 21
69 6 22
69 7 23
69 8 24
69 9 25
69 10 26
69 11 27
69 12 28
69 13 29
69 14 30
69 15 31
69 16 32
69 17 33
69 18 34
69 19 35
69 20 36
69 21 37
69 22 38
69 23 39
69 24 40
69 25 41
69 26 42
69 27 43
69 28 44
69 29 45
69 30 46
69 31 47
69 32 48
69 33 49
69 34 50
69 35 51
69 36 52
69 37 53
69 38 54
69 39 55
69 40 56
69 41 57
69 42 58
69 43 59
69 44 60
69 45 61
69 46 62
69 47 63
69 48 64
69 49 65
69 50 66
69 51 67
69 52 68
69 53 69
69 54 70
69 55 71
69 56 72
69 57 73
69 58 74
69 59 75
69 60 76
69 61 77
69 62 78
69 63 79
69 64 80
69 65 81
69 66 82
69 67 83
69 68 84
70 0 15
70 1 16
70 2 17
70 3 18
70 4 19
70 5 20
70 6 21
70 7 22
70 8 23
70 9 24
70 10 25
70 11 26
70 12 27
70 13 28
70 14 29
70 15 30
70 16 31
70 17 32
70 18 33
70 19 34
70 20 35
70 21 36
70 22 37
70 23 38
70 24 39
70 25 40
70 26 41
70 27 42
70 28 43
70 29 44
70 30 45
70 31 46
70 32 47
70 33 48
70 34 49
70 35 50
70 36 51
70 37 52
70 38 53
70 39 54
70 40 55
70 41 56
70 42 57
70 43 58
70 44 59
70 45 60
70 46 61
70 47 62
70 48 63
70 49 64
70 50 65
70 51 66
70 52 67
70 53 68
70 54 69
70 55 70
70 56 71
70 57 72
70 58 73
70 59 74
70 60 75
70 61 76
70 62 77
70 63 78
70 64 79
70 65 80
70 66 81
70 67 82
70 68 83
70 69 84
71 0 14
71 1 15
71 2 16
71 3 17
71 4 18
71 5 19
71 6 20
71 7 21
71 8 22
71 9 23
71 10 24
71 11 25
71 12 26
71 13 27
71 14 28
71 15 29
71 16 30
71 17 31
71 18 32
71 19 33
71 20 34
71 21 35
71 22 36
71 23 37
71 24 38
71 25 39
71 26 40
71 27 41
71 28 42
71 29 43
71 30 44
71 31 45
71 32 46
71 33 47
71 34 48
71 35 49
71 36 50
71 37 51
71 38 52
71 39 53
71 40 54
71 41 55
71 42 56
71 43 57
71 44 58
71 45 59
71 46 60
71 47 61
71 48 62
71 49 63
71 50 64
71 51 65
71 52 66
71 53 67
71 54 68
71 55 69
71 56 70
71 57 71
71 58 72
71 59 73
71 60 74
71 61 75
71 62 76
71 63 77
71 64 78
71 65 79
71 66 80
71 67 81
71 68 82
71 69 83
71 70 84
72 0 13
72 1 14
72 2 15
72 3 16
72 4 17
72 5 18
72 6 19
72 7 20
72 8 21
72 9 22
72 10 23
72 11 24
72 12 25
72 13 26
72 14 27
72 15 28
72 16 29
72 17 30
72 18 31
72 19 32
72 20 33
72 21 34
72 22 35
72 23 36
72 24 37
72 25 38
72 26 39
72 27 40
72 28 41
72 29 42
72 30 43
72 31 44
72 32 45
72 33 46
72 34 47
72 35 48
72 36 49
72 37 50
72 38 51
72 39 52
72 40 53
72 41 54
72 42 55
72 43 56
72 44 57
72 45 58
72 46 59
72 47 60
72 48 61
72 49 62
72 50 63
72 51 64
72 52 65
72 53 66
72 54 67
72 55 68
72 56 69
72 57 70
72 58 71
72 59 72
72 60 73
72 61 74
72 62 75
72 63 76
72 64 77
72 65 78
72 66 79
72 67 80
72 68 81
72 69 82
72 70 83
72 71 84
73 0 12
73 1 13
73 2 14
73 3 15
73 4 16
73 5 17
73 6 18
73 7 19
73 8 20
73 9 21
73 10 22
73 11 23
73 12 24
73 13 25
73 14 26
73 15 27
73 16 28
73 17 29
73 18 30
73 19 31
73 20 32
73 21 33
73 22 34
73 23 35
73 24 36
73 25 37
73 26 38
73 27 39
73 28 40
73 29 41
73 30 42
73 31 43
73 32 44
73 33 45
73 34 46
73 35 47
73 36 48
73 37 49
73 38 50
73 39 51
73 40 52
73 41 53
73 42 54
73 43 55
73 44 56
73 45 57
73 46 58
73 47 59
73 48 60
73 49 61
73 50 62
73 51 63
73 52 64
73 53 65
73 54 66
73 55 67
73 56 68
73 57 69
73 58 70
73 59 71
73 60 72
73 61 73
73 62 74
73 63 75
73 64 76
73 65 77
73 66 78
73 67 79
73 68 80
73 69 81
73 70 82
73 71 83
73 72 84
74 0 11
74 1 12
74 2 13
74 3 14
74 4 15
74 5 16
74 6 17
74 7 18
74 8 19
74 9 20
74 10 21
74 11 22
74 12 23
74 13 24
74 14 25
74 15 26
74 16 27
74 17 28
74 18 29
74 19 30
74 20 31
74 21 32
74 22 33
74 23 34
74 24 35
74 25 36
74 26 37
74 27 38
74 28 39
74 29 40
74 30 41
74 31 42
74 32 43
74 33 44
74 34 45
74 35 46
74 36 47
74 37 48
74 38 49
74 39 50
74 40 51
74 41 52
74 42 53
74 43 54
74 44 55
74 45 56
74 46 57
74 47 58
74 48 59
74 49 60
74 50 61
74 51 62
74 52 63
74 53 64
74 54 65
74 55 66
74 56 67
74 57 68
74 58 69
74 59 70
74 60 71
74 61 72
74 62 73
74 63 74
74 64 75
74 65 76
74 66 77
74 67 78
74 68 79
74 69 80
74 70 81
74 71 82
74 72 83
74 73 84
75 0 10
75 1 11
75 2 12
75 3 13
75 4 14
75 5 15
75 6 16
75 7 17
75 8 18
75 9 19
75 10 20
75 11 21
75 12 22
75 13 23
75 14 24
75 15 25
75 16 26
75 17 27
75 18 28
75 19 29
75 20 30
75 21 31
75 22 32
75 23 33
75 24 34
75 25 35
75 26 36
75 27 37
75 28 38
75 29 39
75 30 40
75 31 41
75 32 42
75 33 43
75 34 44
75 35 45
75 36 46
75 37 47
75 38 48
75 39 49
75 40 50
75 41 51
75 42 52
75 43 53
75 44 54
75 45 55
75 46 56
75 47 57
75 48 58
75 49 59
75 50 60
75 51 61
75 52 62
75 53 63
75 54 64
75 55 65
75 56 66
75 57 67
75 58 68
75 59 69
75 60 70
75 61 71
75 62 72
75 63 73
75 64 74
75 65 75
75 66 76
75 67 77
75 68 78
75 69 79
75 70 80
75 71 81
75 72 82
75 73 83
75 74 84
76 0 9
76 1 10
76 2 11
76 3 12
76 4 13
76 5 14
76 6 15
76 7 16
76 8 17
76 9 18
76 10 19
76 11 20
76 12 21
76 13 22
76 14 23
76 15 24
76 16 25
76 17 26
76 18 27
76 19 28
76 20 29
76 21 30
76 22 31
76 23 32
76 24 33
76 25 34
76 26 35
76 27 36
76 28 37
76 29 38
76 30 39
76 31 40
76 32 41
76 33 42
76 34 43
76 35 44
76 36 45
76 37 46
76 38 47
76 39 48
76 40 49
76 41 50
76 42 51
76 43 52
76 44 53
76 45 54
76 46 55
76 47 56
76 48 57
76 49 58
76 50 59
76 51 60
76 52 61
76 53 62
76 54 63
76 55 64
76 56 65
76 57 66
76 58 67
76 59 68
76 60 69
76 61 70
76 62 71
76 63 72
76 64 73
76 65 74
76 66 75
76 67 76
76 68 77
76 69 78
76 70 79
76 71 80
76 72 81
76 73 82
76 74 83
76 75 84
77 0 8
77 1 9
77 2 10
77 3 11
77 4 12
77 5 13
77 6 14
77 7 15
77 8 16
77 9 17
77 10 18
77 11 19
77 12 20
77 13 21
77 14 22
77 15 23
77 16 24
77 17 25
77 18 26
77 19 27
77 20 28
77 21 29
77 22 30
77 23 31
77 24 32
77 25 33
77 26 34
77 27 35
77 28 36
77 29 37
77 30 38
77 31 39
77 32 40
77 33 41
77 34 42
77 35 43
77 36 44
77 37 45
77 38 46
77 39 47
77 40 48
77 41 49
77 42 50
77 43 51
77 44 52
77 45 53
77 46 54
77 47 55
77 48 56
77 49 57
77 50 58
77 51 59
77 52 60
77 53 61
77 54 62
77 55 63
77 56 64
77 57 65
77 58 66
77 59 67
77 60 68
77 61 69
77 62 70
77 63 71
77 64 72
77 65 73
77 66 74
77 67 75
77 68 76
77 69 77
77 70 78
77 71 79
77 72 80
77 73 81
77 74 82
77 75 83
77 76 84
78 0 7
78 1 8
78 2 9
78 3 10
78 4 11
78 5 12
78 6 13
78 7 14
78 8 15
78 9 16
78 10 17
78 11 18
78 12 19
78 13 20
78 14 21
78 15 22
78 16 23
78 17 24
78 18 25
78 19 26
78 20 27
78 21 28
78 22 29
78 23 30
78 24 31
78 25 32
78 26 33
78 27 34
78 28 35
78 29 36
78 30 37
78 31 38
78 32 39
78 33 40
78 34 41
78 35 42
78 36 43
78 37 44
78 38 45
78 39 46
78 40 47
78 41 48
78 42 49
78 43 50
78 44 51
78 45 52
78 46 53
78 47 54
78 48 55
78 49 56
78 50 57
78 51 58
78 52 59
78 53 60
78 54 61
78 55 62
78 56 63
78 57 64
78 58 65
78 59 66
78 60 67
78 61 68
78 62 69
78 63 70
78 64 71
78 65 72
78 66 73
78 67 74
78 68 75
78 69 76
78 70 77
78 71 78
78 72 79
78 73 80
78 74 81
78 75 82
78 76 83
78 77 84
79 0 6
79 1 7
79 2 8
79 3 9
79 4 10
79 5 11
79 6 12
79 7 13
79 8 14
79 9 15
79 10 16
79 11 17
79 12 18
79 13 19
79 14 20
79 15 21
79 16 22
79 17 23
79 18 24
79 19 25
79 20 26
79 21 27
79 22 28
79 23 29
79 24 30
79 25 31
79 26 32
79 27 33
79 28 34
79 29 35
79 30 36
79 31 37
79 32 38
79 33 39
79 34 40
79 35 41
79 36 42
79 37 43
79 38 44
79 39 45
79 40 46
79 41 47
79 42 48
79 43 49
79 44 50
79 45 51
79 46 52
79 47 53
79 48 54
79 49 55
79 50 56
79 51 57
79 52 58
79 53 59
79 54 60
79 55 61
79 56 62
79 57 63
79 58 64
79 59 65
79 60 66
79 61 67
79 62 68
79 63 69
79 64 70
79 65 71
79 66 72
79 67 73
79 68 74
79 69 75
79 70 76
79 71 77
79 72 78
79 73 79
79 74 80
79 75 81
79 76 82
79 77 83
79 78 84
80 0 5
80 1 6
80 2 7
80 3 8
80 4 9
80 5 10
80 6 11
80 7 12
80 8 13
80 9 14
80 10 15
80 11 16
80 12 17
80 13 18
80 14 19
80 15 20
80 16 21
80 17 22
80 18 23
80 19 24
80 20 25
80 21 26
80 22 27
80 23 28
80 24 29
80 25 30
80 26 31
80 27 32
80 28 33
80 29 34
80 30 35
80 31 36
80 32 37
80 33 38
80 34 39
80 35 40
80 36 41
80 37 42
80 38 43
80 39 44
80 40 45
80 41 46
80 42 47
80 43 48
80 44 49
80 45 50
80 46 51
80 47 52
80 48 53
80 49 54
80 50 55
80 51 56
80 52 57
80 53 58
80 54 59
80 55 60
80 56 61
80 57 62
80 58 63
80 59 64
80 60 65
80 61 66
80 62 67
80 63 68
80 64 69
80 65 70
80 66 71
80 67 72
80 68 73
80 69 74
80 70 75
80 71 76
80 72 77
80 73 78
80 74 79
80 75 80
80 76 81
80 77 82
80 78 83
80 79 84
81 0 4
81 1 5
81 2 6
81 3 7
81 4 8
81 5 9
81 6 10
81 7 11
81 8 12
81 9 13
81 10 14
81 11 15
81 12 16
81 13 17
81 14 18
81 15 19
81 16 20
81 17 21
81 18 22
81 19 23
81 20 24
81 21 25
81 22 26
81 23 27
81 24 28
81 25 29
81 26 30
81 27 31
81 28 32
81 29 33
81 30 34
81 31 35
81 32 36
81 33 37
81 34 38
81 35 39
81 36 40
81 37 41
81 38 42
81 39 43
81 40 44
81 41 45
81 42 46
81 43 47
81 44 48
81 45 49
81 46 50
81 47 51
81 48 52
81 49 53
81 50 54
81 51 55
81 52 56
81 53 57
81 54 58
81 55 59
81 56 60
81 57 61
81 58 62
81 59 63
81 60 64
81 61 65
81 62 66
81 63 67
81 64 68
81 65 69
81 66 70
81 67 71
81 68 72
81 69 73
81 70 74
81 71 75
81 72 76
81 73 77
81 74 78
81 75 79
81 76 80
81 77 81
81 78 82
81 79 83
81 80 84
82 0 3
82 1 4
82 2 5
82 3 6
82 4 7
82 5 8
82 6 9
82 7 10
82 8 11
82 9 12
82 10 13
82 11 14
82 12 15
82 13 16
82 14 17
82 15 18
82 16 19
82 17 20
82 18 21
82 19 22
82 20 23
82 21 24
82 22 25
82 23 26
82 24 27
82 25 28
82 26 29
82 27 30
82 28 31
82 29 32
82 30 33
82 31 34
82 32 35
82 33 36
82 34 37
82 35 38
82 36 39
82 37 40
82 38 41
82 39 42
82 40 43
82 41 44
82 42 45
82 43 46
82 44 47
82 45 48
82 46 49
82 47 50
82 48 51
82 49 52
82 50 53
82 51 54
82 52 55
82 53 56
82 54 57
82 55 58
82 56 59
82 57 60
82 58 61
82 59 62
82 60 63
82 61 64
82 62 65
82 63 66
82 64 67
82 65 68
82 66 69
82 67 70
82 68 71
82 69 72
82 70 73
82 71 74
82 72 75
82 73 76
82 74 77
82 75 78
82 76 79
82 77 80
82 78 81
82 79 82
82 80 83
82 81 84
83 0 2
83 1 3
83 2 4
83 3 5
83 4 6
83 5 7
83 6 8
83 7 9
83 8 10
83 9 11
83 10 12
83 11 13
83 12 14
83 13 15
83 14 16
83 15 17
83 16 18
83 17 19
83 18 20
83 19 21
83 20 22
83 21 23
83 22 24
83 23 25
83 24 26
83 25 27
83 26 28
83 27 29
83 28 30
83 29 31
83 30 32
83 31 33
83 32 34
83 33 35
83 34 36
83 35 37
83 36 38
83 37 39
83 38 40
83 39 41
83 40 42
83 41 43
83 42 44
83 43 45
83 44 46
83 45 47
83 46 48
83 47 49
83 48 50
83 49 51
83 50 52
83 51 53
83 52 54
83 53 55
83 54 56
83 55 57
83 56 58
83 57 59
83 58 60
83 59 61
83 60 62
83 61 63
83 62 64
83 63 65
83 64 66
83 65 67
83 66 68
83 67 69
83 68 70
83 69 71
83 70 72
83 71 73
83 72 74
83 73 75
83 74 76
83 75 77
83 76 78
83 77 79
83 78 80
83 79 81
83 80 82
83 81 83
83 82 84
84 0 1
84 1 2
84 2 3
84 3 4
84 4 5
84 5 6
84 6 7
84 7 8
84 8 9
84 9 10
84 10 11
84 11 12
84 12 13
84 13 14
84 14 15
84 15 16
84 16 17
84 17 18
84 18 19
84 19 20
84 20 21
84 21 22
84 22 23
84 23 24
84 24 25
84 25 26
84 26 27
84 27 28
84 28 29
84 29 30
84 30 31
84 31 32
84 32 33
84 33 34
84 34 35
84 35 36
84 36 37
84 37 38
84 38 39
84 39 40
84 40 41
84 41 42
84 42 43
84 43 44
84 44 45
84 45 46
84 46 47
84 47 48
84 48 49
84 49 50
84 50 51
84 51 52
84 52 53
84 53 54
84 54 55
84 55 56
84 56 57
84 57 58
84 58 59
84 59 60
84 60 61
84 61 62
84 62 63
84 63 64
84 64 65
84 65 66
84 66 67
84 67 68
84 68 69
84 69 70
84 70 71
84 71 72
84 72 73
84 73 74
84 74 75
84 75 76
84 76 77
84 77 78
84 78 79
84 79 80
84 80 81
84 81 82
84 82 83
84 83 84
