50
0 1 1
0 2 2
0 3 3
0 4 4
0 5 5
0 6 6
0 7 7
0 8 8
0 9 9
0 10 10
0 11 11
0 12 12
0 13 13
0 14 14
0 15 15
0 16 16
0 17 17
0 18 18
0 19 19
0 20 20
0 21 21
0 22 22
0 23 23
0 24 24
0 25 25
0 26 26
0 27 27
0 28 28
0 29 29
0 30 30
0 31 31
0 32 32
0 33 33
0 34 34
0 35 35
0 36 36
0 37 37
0 38 38
0 39 39
0 40 40
0 41 41
0 42 42
0 43 43
0 44 44
0 45 45
0 46 46
0 47 47
0 48 48
0 49 49
1 2 1
1 3 2
1 4 3
1 5 4
1 6 5
1 7 6
1 8 7
1 9 8
1 10 9
1 11 10
1 12 11
1 13 12
1 14 13
1 15 14
1 16 15
1 17 16
1 18 17
1 19 18
1 20 19
1 21 20
1 22 21
1 23 22
1 24 23
1 25 24
1 26 25
1 27 26
1 28 27
1 29 28
1 30 29
1 31 30
1 32 31
1 33 32
1 34 33
1 35 34
1 36 35
1 37 36
1 38 37
1 39 38
1 40 39
1 41 40
1 42 41
1 43 42
1 44 43
1 45 44
1 46 45
1 47 46
1 48 47
1 49 48
2 3 1
2 4 2
2 5 3
2 6 4
2 7 5
2 8 6
2 9 7
2 10 8
2 11 9
2 12 10
2 13 11
2 14 12
2 15 13
2 16 14
2 17 15
2 18 16
2 19 17
2 20 18
2 21 19
2 22 20
2 23 21
2 24 22
2 25 23
2 26 24
2 27 25
2 28 26
2 29 27
2 30 28
2 31 29
2 32 30
2 33 31
2 34 32
2 35 33
2 36 34
2 37 35
2 38 36
2 39 37
2 40 38
2 41 39
2 42 40
2 43 41
2 44 42
2 45 43
2 46 44
2 47 45
2 48 46
2 49 47
3 4 1
3 5 2
3 6 3
3 7 4
3 8 5
3 9 6
3 10 7
3 11 8
3 12 9
3 13 10
3 14 11
3 15 12
3 16 13
3 17 14
3 18 15
3 19 16
3 20 17
3 21 18
3 22 19
3 23 20
3 24 21
3 25 22
3 26 23
3 27 24
3 28 25
3 29 26
3 30 27
3 31 28
3 32 29
3 33 30
3 34 31
3 35 32
3 36 33
3 37 34
3 38 35
3 39 36
3 40 37
3 41 38
3 42 39
3 43 40
3 44 41
3 45 42
3 46 43
3 47 44
3 48 45
3 49 46
4 5 1
4 6 2
4 7 3
4 8 4
4 9 5
4 10 6
4 11 7
4 12 8
4 13 9
4 14 10
4 15 11
4 16 12
4 17 13
4 18 14
4 19 15
4 20 16
4 21 17
4 22 18
4 23 19
4 24 20
4 25 21
4 26 22
4 27 23
4 28 24
4 29 25
4 30 26
4 31 27
4 32 28
4 33 29
4 34 30
4 35 31
4 36 32
4 37 33
4 38 34
4 39 35
4 40 36
4 41 37
4 42 38
4 43 39
4 44 40
4 45 41
4 46 42
4 47 43
4 48 44
4 49 45
5 6 1
5 7 2
5 8 3
5 9 4
5 10 5
5 11 6
5 12 7
5 13 8
5 14 9
5 15 10
5 16 11
5 17 12
5 18 13
5 19 14
5 20 15
5 21 16
5 22 17
5 23 18
5 24 19
5 25 20
5 26 21
5 27 22
5 28 23
5 29 24
5 30 25
5 31 26
5 32 27
5 33 28
5 34 29
5 35 30
5 36 31
5 37 32
5 38 33
5 39 34
5 40 35
5 41 36
5 42 37
5 43 38
5 44 39
5 45 40
5 46 41
5 47 42
5 48 43
5 49 44
6 7 1
6 8 2
6 9 3
6 10 4
6 11 5
6 12 6
6 13 7
6 14 8
6 15 9
6 16 10
6 17 11
6 18 12
6 19 13
6 20 14
6 21 15
6 22 16
6 23 17
6 24 18
6 25 19
6 26 20
6 27 21
6 28 22
6 29 23
6 30 24
6 31 25
6 32 26
6 33 27
6 34 28
6 35 29
6 36 30
6 37 31
6 38 32
6 39 33
6 40 34
6 41 35
6 42 36
6 43 37
6 44 38
6 45 39
6 46 40
6 47 41
6 48 42
6 49 43
7 8 1
7 9 2
7 10 3
7 11 4
7 12 5
7 13 6
7 14 7
7 15 8
7 16 9
7 17 10
7 18 11
7 19 12
7 20 13
7 21 14
7 22 15
7 23 16
7 24 17
7 25 18
7 26 19
7 27 20
7 28 21
7 29 22
7 30 23
7 31 24
7 32 25
7 33 26
7 34 27
7 35 28
7 36 29
7 37 30
7 38 31
7 39 32
7 40 33
7 41 34
7 42 35
7 43 36
7 44 37
7 45 38
7 46 39
7 47 40
7 48 41
7 49 42
8 9 1
8 10 2
8 11 3
8 12 4
8 13 5
8 14 6
8 15 7
8 16 8
8 17 9
8 18 10
8 19 11
8 20 12
8 21 13
8 22 14
8 23 15
8 24 16
8 25 17
8 26 18
8 27 19
8 28 20
8 29 21
8 30 22
8 31 23
8 32 24
8 33 25
8 34 26
8 35 27
8 36 28
8 37 29
8 38 30
8 39 31
8 40 32
8 41 33
8 42 34
8 43 35
8 44 36
8 45 37
8 46 38
8 47 39
8 48 40
8 49 41
9 10 1
9 11 2
9 12 3
9 13 4
9 14 5
9 15 6
9 16 7
9 17 8
9 18 9
9 19 10
9 20 11
9 21 12
9 22 13
9 23 14
9 24 15
9 25 16
9 26 17
9 27 18
9 28 19
9 29 20
9 30 21
9 31 22
9 32 23
9 33 24
9 34 25
9 35 26
9 36 27
9 37 28
9 38 29
9 39 30
9 40 31
9 41 32
9 42 33
9 43 34
9 44 35
9 45 36
9 46 37
9 47 38
9 48 39
9 49 40
10 11 1
10 12 2
10 13 3
10 14 4
10 15 5
10 16 6
10 17 7
10 18 8
10 19 9
10 20 10
10 21 11
10 22 12
10 23 13
10 24 14
10 25 15
10 26 16
10 27 17
10 28 18
10 29 19
10 30 20
10 31 21
10 32 22
10 33 23
10 34 24
10 35 25
10 36 26
10 37 27
10 38 28
10 39 29
10 40 30
10 41 31
10 42 32
10 43 33
10 44 34
10 45 35
10 46 36
10 47 37
10 48 38
10 49 39
11 12 1
11 13 2
11 14 3
11 15 4
11 16 5
11 17 6
11 18 7
11 19 8
11 20 9
11 21 10
11 22 11
11 23 12
11 24 13
11 25 14
11 26 15
11 27 16
11 28 17
11 29 18
11 30 19
11 31 20
11 32 21
11 33 22
11 34 23
11 35 24
11 36 25
11 37 26
11 38 27
11 39 28
11 40 29
11 41 30
11 42 31
11 43 32
11 44 33
11 45 34
11 46 35
11 47 36
11 48 37
11 49 38
12 13 1
12 14 2
12 15 3
12 16 4
12 17 5
12 18 6
12 19 7
12 20 8
12 21 9
12 22 10
12 23 11
12 24 12
12 25 13
12 26 14
12 27 15
12 28 16
12 29 17
12 30 18
12 31 19
12 32 20
12 33 21
12 34 22
12 35 23
12 36 24
12 37 25
12 38 26
12 39 27
12 40 28
12 41 29
12 42 30
12 43 31
12 44 32
12 45 33
12 46 34
12 47 35
12 48 36
12 49 37
13 14 1
13 15 2
13 16 3
13 17 4
13 18 5
13 19 6
13 20 7
13 21 8
13 22 9
13 23 10
13 24 11
13 25 12
13 26 13
13 27 14
13 28 15
13 29 16
13 30 17
13 31 18
13 32 19
13 33 20
13 34 21
13 35 22
13 36 23
13 37 24
13 38 25
13 39 26
13 40 27
13 41 28
13 42 29
13 43 30
13 44 31
13 45 32
13 46 33
13 47 34
13 48 35
13 49 36
14 15 1
14 16 2
14 17 3
14 18 4
14 19 5
14 20 6
14 21 7
14 22 8
14 23 9
14 24 10
14 25 11
14 26 12
14 27 13
14 28 14
14 29 15
14 30 16
14 31 17
14 32 18
14 33 19
14 34 20
14 35 21
14 36 22
14 37 23
14 38 24
14 39 25
14 40 26
14 41 27
14 42 28
14 43 29
14 44 30
14 45 31
14 46 32
14 47 33
14 48 34
14 49 35
15 16 1
15 17 2
15 18 3
15 19 4
15 20 5
15 21 6
15 22 7
15 23 8
15 24 9
15 25 10
15 26 11
15 27 12
15 28 13
15 29 14
15 30 15
15 31 16
15 32 17
15 33 18
15 34 19
15 35 20
15 36 21
15 37 22
15 38 23
15 39 24
15 40 25
15 41 26
15 42 27
15 43 28
15 44 29
15 45 30
15 46 31
15 47 32
15 48 33
15 49 34
16 17 1
16 18 2
16 19 3
16 20 4
16 21 5
16 22 6
16 23 7
16 24 8
16 25 9
16 26 10
16 27 11
16 28 12
16 29 13
16 30 14
16 31 15
16 32 16
16 33 17
16 34 18
16 35 19
16 36 20
16 37 21
16 38 22
16 39 23
16 40 24
16 41 25
16 42 26
16 43 27
16 44 28
16 45 29
16 46 30
16 47 31
16 48 32
16 49 33
17 18 1
17 19 2
17 20 3
17 21 4
17 22 5
17 23 6
17 24 7
17 25 8
17 26 9
17 27 10
17 28 11
17 29 12
17 30 13
17 31 14
17 32 15
17 33 16
17 34 17
17 35 18
17 36 19
17 37 20
17 38 21
17 39 22
17 40 23
17 41 24
17 42 25
17 43 26
17 44 27
17 45 28
17 46 29
17 47 30
17 48 31
17 49 32
18 19 1
18 20 2
18 21 3
18 22 4
18 23 5
18 24 6
18 25 7
18 26 8
18 27 9
18 28 10
18 29 11
18 30 12
18 31 13
18 32 14
18 33 15
18 34 16
18 35 17
18 36 18
18 37 19
18 38 20
18 39 21
18 40 22
18 41 23
18 42 24
18 43 25
18 44 26
18 45 27
18 46 28
18 47 29
18 48 30
18 49 31
19 20 1
19 21 2
19 22 3
19 23 4
19 24 5
19 25 6
19 26 7
19 27 8
19 28 9
19 29 10
19 30 11
19 31 12
19 32 13
19 33 14
19 34 15
19 35 16
19 36 17
19 37 18
19 38 19
19 39 20
19 40 21
19 41 22
19 42 23
19 43 24
19 44 25
19 45 26
19 46 27
19 47 28
19 48 29
19 49 30
20 21 1
20 22 2
20 23 3
20 24 4
20 25 5
20 26 6
20 27 7
20 28 8
20 29 9
20 30 10
20 31 11
20 32 12
20 33 13
20 34 14
20 35 15
20 36 16
20 37 17
20 38 18
20 39 19
20 40 20
20 41 21
20 42 22
20 43 23
20 44 24
20 45 25
20 46 26
20 47 27
20 48 28
20 49 29
21 22 1
21 23 2
21 24 3
21 25 4
21 26 5
21 27 6
21 28 7
21 29 8
21 30 9
21 31 10
21 32 11
21 33 12
21 34 13
21 35 14
21 36 15
21 37 16
21 38 17
21 39 18
21 40 19
21 41 20
21 42 21
21 43 22
21 44 23
21 45 24
21 46 25
21 47 26
21 48 27
21 49 28
22 23 1
22 24 2
22 25 3
22 26 4
22 27 5
22 28 6
22 29 7
22 30 8
22 31 9
22 32 10
22 33 11
22 34 12
22 35 13
22 36 14
22 37 15
22 38 16
22 39 17
22 40 18
22 41 19
22 42 20
22 43 21
22 44 22
22 45 23
22 46 24
22 47 25
22 48 26
22 49 27
23 24 1
23 25 2
23 26 3
23 27 4
23 28 5
23 29 6
23 30 7
23 31 8
23 32 9
23 33 10
23 34 11
23 35 12
23 36 13
23 37 14
23 38 15
23 39 16
23 40 17
23 41 18
23 42 19
23 43 20
23 44 21
23 45 22
23 46 23
23 47 24
23 48 25
23 49 26
24 25 1
24 26 2
24 27 3
24 28 4
24 29 5
24 30 6
24 31 7
24 32 8
24 33 9
24 34 10
24 35 11
24 36 12
24 37 13
24 38 14
24 39 15
24 40 16
24 41 17
24 42 18
24 43 19
24 44 20
24 45 21
24 46 22
24 47 23
24 48 24
24 49 25
25 26 1
25 27 2
25 28 3
25 29 4
25 30 5
25 31 6
25 32 7
25 33 8
25 34 9
25 35 10
25 36 11
25 37 12
25 38 13
25 39 14
25 40 15
25 41 16
25 42 17
25 43 18
25 44 19
25 45 20
25 46 21
25 47 22
25 48 23
25 49 24
26 27 1
26 28 2
26 29 3
26 30 4
26 31 5
26 32 6
26 33 7
26 34 8
26 35 9
26 36 10
26 37 11
26 38 12
26 39 13
26 40 14
26 41 15
26 42 16
26 43 17
26 44 18
26 45 19
26 46 20
26 47 21
26 48 22
26 49 23
27 28 1
27 29 2
27 30 3
27 31 4
27 32 5
27 33 6
27 34 7
27 35 8
27 36 9
27 37 10
27 38 11
27 39 12
27 40 13
27 41 14
27 42 15
27 43 16
27 44 17
27 45 18
27 46 19
27 47 20
27 48 21
27 49 22
28 29 1
28 30 2
28 31 3
28 32 4
28 33 5
28 34 6
28 35 7
28 36 8
28 37 9
28 38 10
28 39 11
28 40 12
28 41 13
28 42 14
28 43 15
28 44 16
28 45 17
28 46 18
28 47 19
28 48 20
28 49 21
29 30 1
29 31 2
29 32 3
29 33 4
29 34 5
29 35 6
29 36 7
29 37 8
29 38 9
29 39 10
29 40 11
29 41 12
29 42 13
29 43 14
29 44 15
29 45 16
29 46 17
29 47 18
29 48 19
29 49 20
30 31 1
30 32 2
30 33 3
30 34 4
30 35 5
30 36 6
30 37 7
30 38 8
30 39 9
30 40 10
30 41 11
30 42 12
30 43 13
30 44 14
30 45 15
30 46 16
30 47 17
30 48 18
30 49 19
31 32 1
31 33 2
31 34 3
31 35 4
31 36 5
31 37 6
31 38 7
31 39 8
31 40 9
31 41 10
31 42 11
31 43 12
31 44 13
31 45 14
31 46 15
31 47 16
31 48 17
31 49 18
32 33 1
32 34 2
32 35 3
32 36 4
32 37 5
32 38 6
32 39 7
32 40 8
32 41 9
32 42 10
32 43 11
32 44 12
32 45 13
32 46 14
32 47 15
32 48 16
32 49 17
33 34 1
33 35 2
33 36 3
33 37 4
33 38 5
33 39 6
33 40 7
33 41 8
33 42 9
33 43 10
33 44 11
33 45 12
33 46 13
33 47 14
33 48 15
33 49 16
34 35 1
34 36 2
34 37 3
34 38 4
34 39 5
34 40 6
34 41 7
34 42 8
34 43 9
34 44 10
34 45 11
34 46 12
34 47 13
34 48 14
34 49 15
35 36 1
35 37 2
35 38 3
35 39 4
35 40 5
35 41 6
35 42 7
35 43 8
35 44 9
35 45 10
35 46 11
35 47 12
35 48 13
35 49 14
36 37 1
36 38 2
36 39 3
36 40 4
36 41 5
36 42 6
36 43 7
36 44 8
36 45 9
36 46 10
36 47 11
36 48 12
36 49 13
37 38 1
37 39 2
37 40 3
37 41 4
37 42 5
37 43 6
37 44 7
37 45 8
37 46 9
37 47 10
37 48 11
37 49 12
38 39 1
38 40 2
38 41 3
38 42 4
38 43 5
38 44 6
38 45 7
38 46 8
38 47 9
38 48 10
38 49 11
39 40 1
39 41 2
39 42 3
39 43 4
39 44 5
39 45 6
39 46 7
39 47 8
39 48 9
39 49 10
40 41 1
40 42 2
40 43 3
40 44 4
40 45 5
40 46 6
40 47 7
40 48 8
40 49 9
41 42 1
41 43 2
41 44 3
41 45 4
41 46 5
41 47 6
41 48 7
41 49 8
42 43 1
42 44 2
42 45 3
42 46 4
42 47 5
42 48 6
42 49 7
43 44 1
43 45 2
43 46 3
43 47 4
43 48 5
43 49 6
44 45 1
44 46 2
44 47 3
44 48 4
44 49 5
45 46 1
45 47 2
45 48 3
45 49 4
46 47 1
46 48 2
46 49 3
47 48 1
47 49 2
48 49 1
1 0 49
2 0 48
2 1 49
3 0 47
3 1 48
3 2 49
4 0 46
4 1 47
4 2 48
4 3 49
5 0 45
5 1 46
5 2 47
5 3 48
5 4 49
6 0 44
6 1 45
6 2 46
6 3 47
6 4 48
6 5 49
7 0 43
7 1 44
7 2 45
7 3 46
7 4 47
7 5 48
7 6 49
8 0 42
8 1 43
8 2 44
8 3 45
8 4 46
8 5 47
8 6 48
8 7 49
9 0 41
9 1 42
9 2 43
9 3 44
9 4 45
9 5 46
9 6 47
9 7 48
9 8 49
10 0 40
10 1 41
10 2 42
10 3 43
10 4 44
10 5 45
10 6 46
10 7 47
10 8 48
10 9 49
11 0 39
11 1 40
11 2 41
11 3 42
11 4 43
11 5 44
11 6 45
11 7 46
11 8 47
11 9 48
11 10 49
12 0 38
12 1 39
12 2 40
12 3 41
12 4 42
12 5 43
12 6 44
12 7 45
12 8 46
12 9 47
12 10 48
12 11 49
13 0 37
13 1 38
13 2 39
13 3 40
13 4 41
13 5 42
13 6 43
13 7 44
13 8 45
13 9 46
13 10 47
13 11 48
13 12 49
14 0 36
14 1 37
14 2 38
14 3 39
14 4 40
14 5 41
14 6 42
14 7 43
14 8 44
14 9 45
14 10 46
14 11 47
14 12 48
14 13 49
15 0 35
15 1 36
15 2 37
15 3 38
15 4 39
15 5 40
15 6 41
15 7 42
15 8 43
15 9 44
15 10 45
15 11 46
15 12 47
15 13 48
15 14 49
16 0 34
16 1 35
16 2 36
16 3 37
16 4 38
16 5 39
16 6 40
16 7 41
16 8 42
16 9 43
16 10 44
16 11 45
16 12 46
16 13 47
16 14 48
16 15 49
17 0 33
17 1 34
17 2 35
17 3 36
17 4 37
17 5 38
17 6 39
17 7 40
17 8 41
17 9 42
17 10 43
17 11 44
17 12 45
17 13 46
17 14 47
17 15 48
17 16 49
18 0 32
18 1 33
18 2 34
18 3 35
18 4 36
18 5 37
18 6 38
18 7 39
18 8 40
18 9 41
18 10 42
18 11 43
18 12 44
18 13 45
18 14 46
18 15 47
18 16 48
18 17 49
19 0 31
19 1 32
19 2 33
19 3 34
19 4 35
19 5 36
19 6 37
19 7 38
19 8 39
19 9 40
19 10 41
19 11 42
19 12 43
19 13 44
19 14 45
19 15 46
19 16 47
19 17 48
19 18 49
20 0 30
20 1 31
20 2 32
20 3 33
20 4 34
20 5 35
20 6 36
20 7 37
20 8 38
20 9 39
20 10 40
20 11 41
20 12 42
20 13 43
20 14 44
20 15 45
20 16 46
20 17 47
20 18 48
20 19 49
21 0 29
21 1 30
21 2 31
21 3 32
21 4 33
21 5 34
21 6 35
21 7 36
21 8 37
21 9 38
21 10 39
21 11 40
21 12 41
21 13 42
21 14 43
21 15 44
21 16 45
21 17 46
21 18 47
21 19 48
21 20 49
22 0 28
22 1 29
22 2 30
22 3 31
22 4 32
22 5 33
22 6 34
22 7 35
22 8 36
22 9 37
22 10 38
22 11 39
22 12 40
22 13 41
22 14 42
22 15 43
22 16 44
22 17 45
22 18 46
22 19 47
22 20 48
22 21 49
23 0 27
23 1 28
23 2 29
23 3 30
23 4 31
23 5 32
23 6 33
23 7 34
23 8 35
23 9 36
23 10 37
23 11 38
23 12 39
23 13 40
23 14 41
23 15 42
23 16 43
23 17 44
23 18 45
23 19 46
23 20 47
23 21 48
23 22 49
24 0 26
24 1 27
24 2 28
24 3 29
24 4 30
24 5 31
24 6 32
24 7 33
24 8 34
24 9 35
24 10 36
24 11 37
24 12 38
24 13 39
24 14 40
24 15 41
24 16 42
24 17 43
24 18 44
24 19 45
24 20 46
24 21 47
24 22 48
24 23 49
25 0 25
25 1 26
25 2 27
25 3 28
25 4 29
25 5 30
25 6 31
25 7 32
25 8 33
25 9 34
25 10 35
25 11 36
25 12 37
25 13 38
25 14 39
25 15 40
25 16 41
25 17 42
25 18 43
25 19 44
25 20 45
25 21 46
25 22 47
25 23 48
25 24 49
26 0 24
26 1 25
26 2 26
26 3 27
26 4 28
26 5 29
26 6 30
26 7 31
26 8 32
26 9 33
26 10 34
26 11 35
26 12 36
26 13 37
26 14 38
26 15 39
26 16 40
26 17 41
26 18 42
26 19 43
26 20 44
26 21 45
26 22 46
26 23 47
26 24 48
26 25 49
27 0 23
27 1 24
27 2 25
27 3 26
27 4 27
27 5 28
27 6 29
27 7 30
27 8 31
27 9 32
27 10 33
27 11 34
27 12 35
27 13 36
27 14 37
27 15 38
27 16 39
27 17 40
27 18 41
27 19 42
27 20 43
27 21 44
27 22 45
27 23 46
27 24 47
27 25 48
27 26 49
28 0 22
28 1 23
28 2 24
28 3 25
28 4 26
28 5 27
28 6 28
28 7 29
28 8 30
28 9 31
28 10 32
28 11 33
28 12 34
28 13 35
28 14 36
28 15 37
28 16 38
28 17 39
28 18 40
28 19 41
28 20 42
28 21 43
28 22 44
28 23 45
28 24 46
28 25 47
28 26 48
28 27 49
29 0 21
29 1 22
29 2 23
29 3 24
29 4 25
29 5 26
29 6 27
29 7 28
29 8 29
29 9 30
29 10 31
29 11 32
29 12 33
29 13 34
29 14 35
29 15 36
29 16 37
29 17 38
29 18 39
29 19 40
29 20 41
29 21 42
29 22 43
29 23 44
29 24 45
29 25 46
29 26 47
29 27 48
29 28 49
30 0 20
30 1 21
30 2 22
30 3 23
30 4 24
30 5 25
30 6 26
30 7 27
30 8 28
30 9 29
30 10 30
30 11 31
30 12 32
30 13 33
30 14 34
30 15 35
30 16 36
30 17 37
30 18 38
30 19 39
30 20 40
30 21 41
30 22 42
30 23 43
30 24 44
30 25 45
30 26 46
30 27 47
30 28 48
30 29 49
31 0 19
31 1 20
31 2 21
31 3 22
31 4 23
31 5 24
31 6 25
31 7 26
31 8 27
31 9 28
31 10 29
31 11 30
31 12 31
31 13 32
31 14 33
31 15 34
31 16 35
31 17 36
31 18 37
31 19 38
31 20 39
31 21 40
31 22 41
31 23 42
31 24 43
31 25 44
31 26 45
31 27 46
31 28 47
31 29 48
31 30 49
32 0 18
32 1 19
32 2 20
32 3 21
32 4 22
32 5 23
32 6 24
32 7 25
32 8 26
32 9 27
32 10 28
32 11 29
32 12 30
32 13 31
32 14 32
32 15 33
32 16 34
32 17 35
32 18 36
32 19 37
32 20 38
32 21 39
32 22 40
32 23 41
32 24 42
32 25 43
32 26 44
32 27 45
32 28 46
32 29 47
32 30 48
32 31 49
33 0 17
33 1 18
33 2 19
33 3 20
33 4 21
33 5 22
33 6 23
33 7 24
33 8 25
33 9 26
33 10 27
33 11 28
33 12 29
33 13 30
33 14 31
33 15 32
33 16 33
33 17 34
33 18 35
33 19 36
33 20 37
33 21 38
33 22 39
33 23 40
33 24 41
33 25 42
33 26 43
33 27 44
33 28 45
33 29 46
33 30 47
33 31 48
33 32 49
34 0 16
34 1 17
34 2 18
34 3 19
34 4 20
34 5 21
34 6 22
34 7 23
34 8 24
34 9 25
34 10 26
34 11 27
34 12 28
34 13 29
34 14 30
34 15 31
34 16 32
34 17 33
34 18 34
34 19 35
34 20 36
34 21 37
34 22 38
34 23 39
34 24 40
34 25 41
34 26 42
34 27 43
34 28 44
34 29 45
34 30 46
34 31 47
34 32 48
34 33 49
35 0 15
35 1 16
35 2 17
35 3 18
35 4 19
35 5 20
35 6 21
35 7 22
35 8 23
35 9 24
35 10 25
35 11 26
35 12 27
35 13 28
35 14 29
35 15 30
35 16 31
35 17 32
35 18 33
35 19 34
35 20 35
35 21 36
35 22 37
35 23 38
35 24 39
35 25 40
35 26 41
35 27 42
35 28 43
35 29 44
35 30 45
35 31 46
35 32 47
35 33 48
35 34 49
36 0 14
36 1 15
36 2 16
36 3 17
36 4 18
36 5 19
36 6 20
36 7 21
36 8 22
36 9 23
36 10 24
36 11 25
36 12 26
36 13 27
36 14 28
36 15 29
36 16 30
36 17 31
36 18 32
36 19 33
36 20 34
36 21 35
36 22 36
36 23 37
36 24 38
36 25 39
36 26 40
36 27 41
36 28 42
36 29 43
36 30 44
36 31 45
36 32 46
36 33 47
36 34 48
36 35 49
37 0 13
37 1 14
37 2 15
37 3 16
37 4 17
37 5 18
37 6 19
37 7 20
37 8 21
37 9 22
37 10 23
37 11 24
37 12 25
37 13 26
37 14 27
37 15 28
37 16 29
37 17 30
37 18 31
37 19 32
37 20 33
37 21 34
37 22 35
37 23 36
37 24 37
37 25 38
37 26 39
37 27 40
37 28 41
37 29 42
37 30 43
37 31 44
37 32 45
37 33 46
37 34 47
37 35 48
37 36 49
38 0 12
38 1 13
38 2 14
38 3 15
38 4 16
38 5 17
38 6 18
38 7 19
38 8 20
38 9 21
38 10 22
38 11 23
38 12 24
38 13 25
38 14 26
38 15 27
38 16 28
38 17 29
38 18 30
38 19 31
38 20 32
38 21 33
38 22 34
38 23 35
38 24 36
38 25 37
38 26 38
38 27 39
38 28 40
38 29 41
38 30 42
38 31 43
38 32 44
38 33 45
38 34 46
38 35 47
38 36 48
38 37 49
39 0 11
39 1 12
39 2 13
39 3 14
39 4 15
39 5 16
39 6 17
39 7 18
39 8 19
39 9 20
39 10 21
39 11 22
39 12 23
39 13 24
39 14 25
39 15 26
39 16 27
39 17 28
39 18 29
39 19 30
39 20 31
39 21 32
39 22 33
39 23 34
39 24 35
39 25 36
39 26 37
39 27 38
39 28 39
39 29 40
39 30 41
39 31 42
39 32 43
39 33 44
39 34 45
39 35 46
39 36 47
39 37 48
39 38 49
40 0 10
40 1 11
40 2 12
40 3 13
40 4 14
40 5 15
40 6 16
40 7 17
40 8 18
40 9 19
40 10 20
40 11 21
40 12 22
40 13 23
40 14 24
40 15 25
40 16 26
40 17 27
40 18 28
40 19 29
40 20 30
40 21 31
40 22 32
40 23 33
40 24 34
40 25 35
40 26 36
40 27 37
40 28 38
40 29 39
40 30 40
40 31 41
40 32 42
40 33 43
40 34 44
40 35 45
40 36 46
40 37 47
40 38 48
40 39 49
41 0 9
41 1 10
41 2 11
41 3 12
41 4 13
41 5 14
41 6 15
41 7 16
41 8 17
41 9 18
41 10 19
41 11 20
41 12 21
41 13 22
41 14 23
41 15 24
41 16 25
41 17 26
41 18 27
41 19 28
41 20 29
41 21 30
41 22 31
41 23 32
41 24 33
41 25 34
41 26 35
41 27 36
41 28 37
41 29 38
41 30 39
41 31 40
41 32 41
41 33 42
41 34 43
41 35 44
41 36 45
41 37 46
41 38 47
41 39 48
41 40 49
42 0 8
42 1 9
42 2 10
42 3 11
42 4 12
42 5 13
42 6 14
42 7 15
42 8 16
42 9 17
42 10 18
42 11 19
42 12 20
42 13 21
42 14 22
42 15 23
42 16 24
42 17 25
42 18 26
42 19 27
42 20 28
42 21 29
42 22 30
42 23 31
42 24 32
42 25 33
42 26 34
42 27 35
42 28 36
42 29 37
42 30 38
42 31 39
42 32 40
42 33 41
42 34 42
42 35 43
42 36 44
42 37 45
42 38 46
42 39 47
42 40 48
42 41 49
43 0 7
43 1 8
43 2 9
43 3 10
43 4 11
43 5 12
43 6 13
43 7 14
43 8 15
43 9 16
43 10 17
43 11 18
43 12 19
43 13 20
43 14 21
43 15 22
43 16 23
43 17 24
43 18 25
43 19 26
43 20 27
43 21 28
43 22 29
43 23 30
43 24 31
43 25 32
43 26 33
43 27 34
43 28 35
43 29 36
43 30 37
43 31 38
43 32 39
43 33 40
43 34 41
43 35 42
43 36 43
43 37 44
43 38 45
43 39 46
43 40 47
43 41 48
43 42 49
44 0 6
44 1 7
44 2 8
44 3 9
44 4 10
44 5 11
44 6 12
44 7 13
44 8 14
44 9 15
44 10 16
44 11 17
44 12 18
44 13 19
44 14 20
44 15 21
44 16 22
44 17 23
44 18 24
44 19 25
44 20 26
44 21 27
44 22 28
44 23 29
44 24 30
44 25 31
44 26 32
44 27 33
44 28 34
44 29 35
44 30 36
44 31 37
44 32 38
44 33 39
44 34 40
44 35 41
44 36 42
44 37 43
44 38 44
44 39 45
44 40 46
44 41 47
44 42 48
44 43 49
45 0 5
45 1 6
45 2 7
45 3 8
45 4 9
45 5 10
45 6 11
45 7 12
45 8 13
45 9 14
45 10 15
45 11 16
45 12 17
45 13 18
45 14 19
45 15 20
45 16 21
45 17 22
45 18 23
45 19 24
45 20 25
45 21 26
45 22 27
45 23 28
45 24 29
45 25 30
45 26 31
45 27 32
45 28 33
45 29 34
45 30 35
45 31 36
45 32 37
45 33 38
45 34 39
45 35 40
45 36 41
45 37 42
45 38 43
45 39 44
45 40 45
45 41 46
45 42 47
45 43 48
45 44 49
46 0 4
46 1 5
46 2 6
46 3 7
46 4 8
46 5 9
46 6 10
46 7 11
46 8 12
46 9 13
46 10 14
46 11 15
46 12 16
46 13 17
46 14 18
46 15 19
46 16 20
46 17 21
46 18 22
46 19 23
46 20 24
46 21 25
46 22 26
46 23 27
46 24 28
46 25 29
46 26 30
46 27 31
46 28 32
46 29 33
46 30 34
46 31 35
46 32 36
46 33 37
46 34 38
46 35 39
46 36 40
46 37 41
46 38 42
46 39 43
46 40 44
46 41 45
46 42 46
46 43 47
46 44 48
46 45 49
47 0 3
47 1 4
47 2 5
47 3 6
47 4 7
47 5 8
47 6 9
47 7 10
47 8 11
47 9 12
47 10 13
47 11 14
47 12 15
47 13 16
47 14 17
47 15 18
47 16 19
47 17 20
47 18 21
47 19 22
47 20 23
47 21 24
47 22 25
47 23 26
47 24 27
47 25 28
47 26 29
47 27 30
47 28 31
47 29 32
47 30 33
47 31 34
47 32 35
47 33 36
47 34 37
47 35 38
47 36 39
47 37 40
47 38 41
47 39 42
47 40 43
47 41 44
47 42 45
47 43 46
47 44 47
47 45 48
47 46 49
48 0 2
48 1 3
48 2 4
48 3 5
48 4 6
48 5 7
48 6 8
48 7 9
48 8 10
48 9 11
48 10 12
48 11 13
48 12 14
48 13 15
48 14 16
48 15 17
48 16 18
48 17 19
48 18 20
48 19 21
48 20 22
48 21 23
48 22 24
48 23 25
48 24 26
48 25 27
48 26 28
48 27 29
48 28 30
48 29 31
48 30 32
48 31 33
48 32 34
48 33 35
48 34 36
48 35 37
48 36 38
48 37 39
48 38 40
48 39 41
48 40 42
48 41 43
48 42 44
48 43 45
48 44 46
48 45 47
48 46 48
48 47 49
49 0 1
49 1 2
49 2 3
49 3 4
49 4 5
49 5 6
49 6 7
49 7 8
49 8 9
49 9 10
49 10 11
49 11 12
49 12 13
49 13 14
49 14 15
49 15 16
49 16 17
49 17 18
49 18 19
49 19 20
49 20 21
49 21 22
49 22 23
49 23 24
49 24 25
49 25 26
49 26 27
49 27 28
49 28 29
49 29 30
49 30 31
49 31 32
49 32 33
49 33 34
49 34 35
49 35 36
49 36 37
49 37 38
49 38 39
49 39 40
49 40 41
49 41 42
49 42 43
49 43 44
49 44 45
49 45 46
49 46 47
49 47 48
49 48 49
