35
0 1 1
0 2 2
0 3 3
0 4 4
0 5 5
0 6 6
0 7 7
0 8 8
0 9 9
0 10 10
0 11 11
0 12 12
0 13 13
0 14 14
0 15 15
0 16 16
0 17 17
0 18 18
0 19 19
0 20 20
0 21 21
0 22 22
0 23 23
0 24 24
0 25 25
0 26 26
0 27 27
0 28 28
0 29 29
0 30 30
0 31 31
0 32 32
0 33 33
0 34 34
1 2 1
1 3 2
1 4 3
1 5 4
1 6 5
1 7 6
1 8 7
1 9 8
1 10 9
1 11 10
1 12 11
1 13 12
1 14 13
1 15 14
1 16 15
1 17 16
1 18 17
1 19 18
1 20 19
1 21 20
1 22 21
1 23 22
1 24 23
1 25 24
1 26 25
1 27 26
1 28 27
1 29 28
1 30 29
1 31 30
1 32 31
1 33 32
1 34 33
2 3 1
2 4 2
2 5 3
2 6 4
2 7 5
2 8 6
2 9 7
2 10 8
2 11 9
2 12 10
2 13 11
2 14 12
2 15 13
2 16 14
2 17 15
2 18 16
2 19 17
2 20 18
2 21 19
2 22 20
2 23 21
2 24 22
2 25 23
2 26 24
2 27 25
2 28 26
2 29 27
2 30 28
2 31 29
2 32 30
2 33 31
2 34 32
3 4 1
3 5 2
3 6 3
3 7 4
3 8 5
3 9 6
3 10 7
3 11 8
3 12 9
3 13 10
3 14 11
3 15 12
3 16 13
3 17 14
3 18 15
3 19 16
3 20 17
3 21 18
3 22 19
3 23 20
3 24 21
3 25 22
3 26 23
3 27 24
3 28 25
3 29 26
3 30 27
3 31 28
3 32 29
3 33 30
3 34 31
4 5 1
4 6 2
4 7 3
4 8 4
4 9 5
4 10 6
4 11 7
4 12 8
4 13 9
4 14 10
4 15 11
4 16 12
4 17 13
4 18 14
4 19 15
4 20 16
4 21 17
4 22 18
4 23 19
4 24 20
4 25 21
4 26 22
4 27 23
4 28 24
4 29 25
4 30 26
4 31 27
4 32 28
4 33 29
4 34 30
5 6 1
5 7 2
5 8 3
5 9 4
5 10 5
5 11 6
5 12 7
5 13 8
5 14 9
5 15 10
5 16 11
5 17 12
5 18 13
5 19 14
5 20 15
5 21 16
5 22 17
5 23 18
5 24 19
5 25 20
5 26 21
5 27 22
5 28 23
5 29 24
5 30 25
5 31 26
5 32 27
5 33 28
5 34 29
6 7 1
6 8 2
6 9 3
6 10 4
6 11 5
6 12 6
6 13 7
6 14 8
6 15 9
6 16 10
6 17 11
6 18 12
6 19 13
6 20 14
6 21 15
6 22 16
6 23 17
6 24 18
6 25 19
6 26 20
6 27 21
6 28 22
6 29 23
6 30 24
6 31 25
6 32 26
6 33 27
6 34 28
7 8 1
7 9 2
7 10 3
7 11 4
7 12 5
7 13 6
7 14 7
7 15 8
7 16 9
7 17 10
7 18 11
7 19 12
7 20 13
7 21 14
7 22 15
7 23 16
7 24 17
7 25 18
7 26 19
7 27 20
7 28 21
7 29 22
7 30 23
7 31 24
7 32 25
7 33 26
7 34 27
8 9 1
8 10 2
8 11 3
8 12 4
8 13 5
8 14 6
8 15 7
8 16 8
8 17 9
8 18 10
8 19 11
8 20 12
8 21 13
8 22 14
8 23 15
8 24 16
8 25 17
8 26 18
8 27 19
8 28 20
8 29 21
8 30 22
8 31 23
8 32 24
8 33 25
8 34 26
9 10 1
9 11 2
9 12 3
9 13 4
9 14 5
9 15 6
9 16 7
9 17 8
9 18 9
9 19 10
9 20 11
9 21 12
9 22 13
9 23 14
9 24 15
9 25 16
9 26 17
9 27 18
9 28 19
9 29 20
9 30 21
9 31 22
9 32 23
9 33 24
9 34 25
10 11 1
10 12 2
10 13 3
10 14 4
10 15 5
10 16 6
10 17 7
10 18 8
10 19 9
10 20 10
10 21 11
10 22 12
10 23 13
10 24 14
10 25 15
10 26 16
10 27 17
10 28 18
10 29 19
10 30 20
10 31 21
10 32 22
10 33 23
10 34 24
11 12 1
11 13 2
11 14 3
11 15 4
11 16 5
11 17 6
11 18 7
11 19 8
11 20 9
11 21 10
11 22 11
11 23 12
11 24 13
11 25 14
11 26 15
11 27 16
11 28 17
11 29 18
11 30 19
11 31 20
11 32 21
11 33 22
11 34 23
12 13 1
12 14 2
12 15 3
12 16 4
12 17 5
12 18 6
12 19 7
12 20 8
12 21 9
12 22 10
12 23 11
12 24 12
12 25 13
12 26 14
12 27 15
12 28 16
12 29 17
12 30 18
12 31 19
12 32 20
12 33 21
12 34 22
13 14 1
13 15 2
13 16 3
13 17 4
13 18 5
13 19 6
13 20 7
13 21 8
13 22 9
13 23 10
13 24 11
13 25 12
13 26 13
13 27 14
13 28 15
13 29 16
13 30 17
13 31 18
13 32 19
13 33 20
13 34 21
14 15 1
14 16 2
14 17 3
14 18 4
14 19 5
14 20 6
14 21 7
14 22 8
14 23 9
14 24 10
14 25 11
14 26 12
14 27 13
14 28 14
14 29 15
14 30 16
14 31 17
14 32 18
14 33 19
14 34 20
15 16 1
15 17 2
15 18 3
15 19 4
15 20 5
15 21 6
15 22 7
15 23 8
15 24 9
15 25 10
15 26 11
15 27 12
15 28 13
15 29 14
15 30 15
15 31 16
15 32 17
15 33 18
15 34 19
16 17 1
16 18 2
16 19 3
16 20 4
16 21 5
16 22 6
16 23 7
16 24 8
16 25 9
16 26 10
16 27 11
16 28 12
16 29 13
16 30 14
16 31 15
16 32 16
16 33 17
16 34 18
17 18 1
17 19 2
17 20 3
17 21 4
17 22 5
17 23 6
17 24 7
17 25 8
17 26 9
17 27 10
17 28 11
17 29 12
17 30 13
17 31 14
17 32 15
17 33 16
17 34 17
18 19 1
18 20 2
18 21 3
18 22 4
18 23 5
18 24 6
18 25 7
18 26 8
18 27 9
18 28 10
18 29 11
18 30 12
18 31 13
18 32 14
18 33 15
18 34 16
19 20 1
19 21 2
19 22 3
19 23 4
19 24 5
19 25 6
19 26 7
19 27 8
19 28 9
19 29 10
19 30 11
19 31 12
19 32 13
19 33 14
19 34 15
20 21 1
20 22 2
20 23 3
20 24 4
20 25 5
20 26 6
20 27 7
20 28 8
20 29 9
20 30 10
20 31 11
20 32 12
20 33 13
20 34 14
21 22 1
21 23 2
21 24 3
21 25 4
21 26 5
21 27 6
21 28 7
21 29 8
21 30 9
21 31 10
21 32 11
21 33 12
21 34 13
22 23 1
22 24 2
22 25 3
22 26 4
22 27 5
22 28 6
22 29 7
22 30 8
22 31 9
22 32 10
22 33 11
22 34 12
23 24 1
23 25 2
23 26 3
23 27 4
23 28 5
23 29 6
23 30 7
23 31 8
23 32 9
23 33 10
23 34 11
24 25 1
24 26 2
24 27 3
24 28 4
24 29 5
24 30 6
24 31 7
24 32 8
24 33 9
24 34 10
25 26 1
25 27 2
25 28 3
25 29 4
25 30 5
25 31 6
25 32 7
25 33 8
25 34 9
26 27 1
26 28 2
26 29 3
26 30 4
26 31 5
26 32 6
26 33 7
26 34 8
27 28 1
27 29 2
27 30 3
27 31 4
27 32 5
27 33 6
27 34 7
28 29 1
28 30 2
28 31 3
28 32 4
28 33 5
28 34 6
29 30 1
29 31 2
29 32 3
29 33 4
29 34 5
30 31 1
30 32 2
30 33 3
30 34 4
31 32 1
31 33 2
31 34 3
32 33 1
32 34 2
33 34 1
1 0 34
2 0 33
2 1 34
3 0 32
3 1 33
3 2 34
4 0 31
4 1 32
4 2 33
4 3 34
5 0 30
5 1 31
5 2 32
5 3 33
5 4 34
6 0 29
6 1 30
6 2 31
6 3 32
6 4 33
6 5 34
7 0 28
7 1 29
7 2 30
7 3 31
7 4 32
7 5 33
7 6 34
8 0 27
8 1 28
8 2 29
8 3 30
8 4 31
8 5 32
8 6 33
8 7 34
9 0 26
9 1 27
9 2 28
9 3 29
9 4 30
9 5 31
9 6 32
9 7 33
9 8 34
10 0 25
10 1 26
10 2 27
10 3 28
10 4 29
10 5 30
10 6 31
10 7 32
10 8 33
10 9 34
11 0 24
11 1 25
11 2 26
11 3 27
11 4 28
11 5 29
11 6 30
11 7 31
11 8 32
11 9 33
11 10 34
12 0 23
12 1 24
12 2 25
12 3 26
12 4 27
12 5 28
12 6 29
12 7 30
12 8 31
12 9 32
12 10 33
12 11 34
13 0 22
13 1 23
13 2 24
13 3 25
13 4 26
13 5 27
13 6 28
13 7 29
13 8 30
13 9 31
13 10 32
13 11 33
13 12 34
14 0 21
14 1 22
14 2 23
14 3 24
14 4 25
14 5 26
14 6 27
14 7 28
14 8 29
14 9 30
14 10 31
14 11 32
14 12 33
14 13 34
15 0 20
15 1 21
15 2 22
15 3 23
15 4 24
15 5 25
15 6 26
15 7 27
15 8 28
15 9 29
15 10 30
15 11 31
15 12 32
15 13 33
15 14 34
16 0 19
16 1 20
16 2 21
16 3 22
16 4 23
16 5 24
16 6 25
16 7 26
16 8 27
16 9 28
16 10 29
16 11 30
16 12 31
16 13 32
16 14 33
16 15 34
17 0 18
17 1 19
17 2 20
17 3 21
17 4 22
17 5 23
17 6 24
17 7 25
17 8 26
17 9 27
17 10 28
17 11 29
17 12 30
17 13 31
17 14 32
17 15 33
17 16 34
18 0 17
18 1 18
18 2 19
18 3 20
18 4 21
18 5 22
18 6 23
18 7 24
18 8 25
18 9 26
18 10 27
18 11 28
18 12 29
18 13 30
18 14 31
18 15 32
18 16 33
18 17 34
19 0 16
19 1 17
19 2 18
19 3 19
19 4 20
19 5 21
19 6 22
19 7 23
19 8 24
19 9 25
19 10 26
19 11 27
19 12 28
19 13 29
19 14 30
19 15 31
19 16 32
19 17 33
19 18 34
20 0 15
20 1 16
20 2 17
20 3 18
20 4 19
20 5 20
20 6 21
20 7 22
20 8 23
20 9 24
20 10 25
20 11 26
20 12 27
20 13 28
20 14 29
20 15 30
20 16 31
20 17 32
20 18 33
20 19 34
21 0 14
21 1 15
21 2 16
21 3 17
21 4 18
21 5 19
21 6 20
21 7 21
21 8 22
21 9 23
21 10 24
21 11 25
21 12 26
21 13 27
21 14 28
21 15 29
21 16 30
21 17 31
21 18 32
21 19 33
21 20 34
22 0 13
22 1 14
22 2 15
22 3 16
22 4 17
22 5 18
22 6 19
22 7 20
22 8 21
22 9 22
22 10 23
22 11 24
22 12 25
22 13 26
22 14 27
22 15 28
22 16 29
22 17 30
22 18 31
22 19 32
22 20 33
22 21 34
23 0 12
23 1 13
23 2 14
23 3 15
23 4 16
23 5 17
23 6 18
23 7 19
23 8 20
23 9 21
23 10 22
23 11 23
23 12 24
23 13 25
23 14 26
23 15 27
23 16 28
23 17 29
23 18 30
23 19 31
23 20 32
23 21 33
23 22 34
24 0 11
24 1 12
24 2 13
24 3 14
24 4 15
24 5 16
24 6 17
24 7 18
24 8 19
24 9 20
24 10 21
24 11 22
24 12 23
24 13 24
24 14 25
24 15 26
24 16 27
24 17 28
24 18 29
24 19 30
24 20 31
24 21 32
24 22 33
24 23 34
25 0 10
25 1 11
25 2 12
25 3 13
25 4 14
25 5 15
25 6 16
25 7 17
25 8 18
25 9 19
25 10 20
25 11 21
25 12 22
25 13 23
25 14 24
25 15 25
25 16 26
25 17 27
25 18 28
25 19 29
25 20 30
25 21 31
25 22 32
25 23 33
25 24 34
26 0 9
26 1 10
26 2 11
26 3 12
26 4 13
26 5 14
26 6 15
26 7 16
26 8 17
26 9 18
26 10 19
26 11 20
26 12 21
26 13 22
26 14 23
26 15 24
26 16 25
26 17 26
26 18 27
26 19 28
26 20 29
26 21 30
26 22 31
26 23 32
26 24 33
26 25 34
27 0 8
27 1 9
27 2 10
27 3 11
27 4 12
27 5 13
27 6 14
27 7 15
27 8 16
27 9 17
27 10 18
27 11 19
27 12 20
27 13 21
27 14 22
27 15 23
27 16 24
27 17 25
27 18 26
27 19 27
27 20 28
27 21 29
27 22 30
27 23 31
27 24 32
27 25 33
27 26 34
28 0 7
28 1 8
28 2 9
28 3 10
28 4 11
28 5 12
28 6 13
28 7 14
28 8 15
28 9 16
28 10 17
28 11 18
28 12 19
28 13 20
28 14 21
28 15 22
28 16 23
28 17 24
28 18 25
28 19 26
28 20 27
28 21 28
28 22 29
28 23 30
28 24 31
28 25 32
28 26 33
28 27 34
29 0 6
29 1 7
29 2 8
29 3 9
29 4 10
29 5 11
29 6 12
29 7 13
29 8 14
29 9 15
29 10 16
29 11 17
29 12 18
29 13 19
29 14 20
29 15 21
29 16 22
29 17 23
29 18 24
29 19 25
29 20 26
29 21 27
29 22 28
29 23 29
29 24 30
29 25 31
29 26 32
29 27 33
29 28 34
30 0 5
30 1 6
30 2 7
30 3 8
30 4 9
30 5 10
30 6 11
30 7 12
30 8 13
30 9 14
30 10 15
30 11 16
30 12 17
30 13 18
30 14 19
30 15 20
30 16 21
30 17 22
30 18 23
30 19 24
30 20 25
30 21 26
30 22 27
30 23 28
30 24 29
30 25 30
30 26 31
30 27 32
30 28 33
30 29 34
31 0 4
31 1 5
31 2 6
31 3 7
31 4 8
31 5 9
31 6 10
31 7 11
31 8 12
31 9 13
31 10 14
31 11 15
31 12 16
31 13 17
31 14 18
31 15 19
31 16 20
31 17 21
31 18 22
31 19 23
31 20 24
31 21 25
31 22 26
31 23 27
31 24 28
31 25 29
31 26 30
31 27 31
31 28 32
31 29 33
31 30 34
32 0 3
32 1 4
32 2 5
32 3 6
32 4 7
32 5 8
32 6 9
32 7 10
32 8 11
32 9 12
32 10 13
32 11 14
32 12 15
32 13 16
32 14 17
32 15 18
32 16 19
32 17 20
32 18 21
32 19 22
32 20 23
32 21 24
32 22 25
32 23 26
32 24 27
32 25 28
32 26 29
32 27 30
32 28 31
32 29 32
32 30 33
32 31 34
33 0 2
33 1 3
33 2 4
33 3 5
33 4 6
33 5 7
33 6 8
33 7 9
33 8 10
33 9 11
33 10 12
33 11 13
33 12 14
33 13 15
33 14 16
33 15 17
33 16 18
33 17 19
33 18 20
33 19 21
33 20 22
33 21 23
33 22 24
33 23 25
33 24 26
33 25 27
33 26 28
33 27 29
33 28 30
33 29 31
33 30 32
33 31 33
33 32 34
34 0 1
34 1 2
34 2 3
34 3 4
34 4 5
34 5 6
34 6 7
34 7 8
34 8 9
34 9 10
34 10 11
34 11 12
34 12 13
34 13 14
34 14 15
34 15 16
34 16 17
34 17 18
34 18 19
34 19 20
34 20 21
34 21 22
34 22 23
34 23 24
34 24 25
34 25 26
34 26 27
34 27 28
34 28 29
34 29 30
34 30 31
34 31 32
34 32 33
34 33 34
