25
0 1 1
0 2 2
0 3 3
0 4 4
0 5 5
0 6 6
0 7 7
0 8 8
0 9 9
0 10 10
0 11 11
0 12 12
0 13 13
0 14 14
0 15 15
0 16 16
0 17 17
0 18 18
0 19 19
0 20 20
0 21 21
0 22 22
0 23 23
0 24 24
1 2 1
1 3 2
1 4 3
1 5 4
1 6 5
1 7 6
1 8 7
1 9 8
1 10 9
1 11 10
1 12 11
1 13 12
1 14 13
1 15 14
1 16 15
1 17 16
1 18 17
1 19 18
1 20 19
1 21 20
1 22 21
1 23 22
1 24 23
2 3 1
2 4 2
2 5 3
2 6 4
2 7 5
2 8 6
2 9 7
2 10 8
2 11 9
2 12 10
2 13 11
2 14 12
2 15 13
2 16 14
2 17 15
2 18 16
2 19 17
2 20 18
2 21 19
2 22 20
2 23 21
2 24 22
3 4 1
3 5 2
3 6 3
3 7 4
3 8 5
3 9 6
3 10 7
3 11 8
3 12 9
3 13 10
3 14 11
3 15 12
3 16 13
3 17 14
3 18 15
3 19 16
3 20 17
3 21 18
3 22 19
3 23 20
3 24 21
4 5 1
4 6 2
4 7 3
4 8 4
4 9 5
4 10 6
4 11 7
4 12 8
4 13 9
4 14 10
4 15 11
4 16 12
4 17 13
4 18 14
4 19 15
4 20 16
4 21 17
4 22 18
4 23 19
4 24 20
5 6 1
5 7 2
5 8 3
5 9 4
5 10 5
5 11 6
5 12 7
5 13 8
5 14 9
5 15 10
5 16 11
5 17 12
5 18 13
5 19 14
5 20 15
5 21 16
5 22 17
5 23 18
5 24 19
6 7 1
6 8 2
6 9 3
6 10 4
6 11 5
6 12 6
6 13 7
6 14 8
6 15 9
6 16 10
6 17 11
6 18 12
6 19 13
6 20 14
6 21 15
6 22 16
6 23 17
6 24 18
7 8 1
7 9 2
7 10 3
7 11 4
7 12 5
7 13 6
7 14 7
7 15 8
7 16 9
7 17 10
7 18 11
7 19 12
7 20 13
7 21 14
7 22 15
7 23 16
7 24 17
8 9 1
8 10 2
8 11 3
8 12 4
8 13 5
8 14 6
8 15 7
8 16 8
8 17 9
8 18 10
8 19 11
8 20 12
8 21 13
8 22 14
8 23 15
8 24 16
9 10 1
9 11 2
9 12 3
9 13 4
9 14 5
9 15 6
9 16 7
9 17 8
9 18 9
9 19 10
9 20 11
9 21 12
9 22 13
9 23 14
9 24 15
10 11 1
10 12 2
10 13 3
10 14 4
10 15 5
10 16 6
10 17 7
10 18 8
10 19 9
10 20 10
10 21 11
10 22 12
10 23 13
10 24 14
11 12 1
11 13 2
11 14 3
11 15 4
11 16 5
11 17 6
11 18 7
11 19 8
11 20 9
11 21 10
11 22 11
11 23 12
11 24 13
12 13 1
12 14 2
12 15 3
12 16 4
12 17 5
12 18 6
12 19 7
12 20 8
12 21 9
12 22 10
12 23 11
12 24 12
13 14 1
13 15 2
13 16 3
13 17 4
13 18 5
13 19 6
13 20 7
13 21 8
13 22 9
13 23 10
13 24 11
14 15 1
14 16 2
14 17 3
14 18 4
14 19 5
14 20 6
14 21 7
14 22 8
14 23 9
14 24 10
15 16 1
15 17 2
15 18 3
15 19 4
15 20 5
15 21 6
15 22 7
15 23 8
15 24 9
16 17 1
16 18 2
16 19 3
16 20 4
16 21 5
16 22 6
16 23 7
16 24 8
17 18 1
17 19 2
17 20 3
17 21 4
17 22 5
17 23 6
17 24 7
18 19 1
18 20 2
18 21 3
18 22 4
18 23 5
18 24 6
19 20 1
19 21 2
19 22 3
19 23 4
19 24 5
20 21 1
20 22 2
20 23 3
20 24 4
21 22 1
21 23 2
21 24 3
22 23 1
22 24 2
23 24 1
1 0 24
2 0 23
2 1 24
3 0 22
3 1 23
3 2 24
4 0 21
4 1 22
4 2 23
4 3 24
5 0 20
5 1 21
5 2 22
5 3 23
5 4 24
6 0 19
6 1 20
6 2 21
6 3 22
6 4 23
6 5 24
7 0 18
7 1 19
7 2 20
7 3 21
7 4 22
7 5 23
7 6 24
8 0 17
8 1 18
8 2 19
8 3 20
8 4 21
8 5 22
8 6 23
8 7 24
9 0 16
9 1 17
9 2 18
9 3 19
9 4 20
9 5 21
9 6 22
9 7 23
9 8 24
10 0 15
10 1 16
10 2 17
10 3 18
10 4 19
10 5 20
10 6 21
10 7 22
10 8 23
10 9 24
11 0 14
11 1 15
11 2 16
11 3 17
11 4 18
11 5 19
11 6 20
11 7 21
11 8 22
11 9 23
11 10 24
12 0 13
12 1 14
12 2 15
12 3 16
12 4 17
12 5 18
12 6 19
12 7 20
12 8 21
12 9 22
12 10 23
12 11 24
13 0 12
13 1 13
13 2 14
13 3 15
13 4 16
13 5 17
13 6 18
13 7 19
13 8 20
13 9 21
13 10 22
13 11 23
13 12 24
14 0 11
14 1 12
14 2 13
14 3 14
14 4 15
14 5 16
14 6 17
14 7 18
14 8 19
14 9 20
14 10 21
14 11 22
14 12 23
14 13 24
15 0 10
15 1 11
15 2 12
15 3 13
15 4 14
15 5 15
15 6 16
15 7 17
15 8 18
15 9 19
15 10 20
15 11 21
15 12 22
15 13 23
15 14 24
16 0 9
16 1 10
16 2 11
16 3 12
16 4 13
16 5 14
16 6 15
16 7 16
16 8 17
16 9 18
16 10 19
16 11 20
16 12 21
16 13 22
16 14 23
16 15 24
17 0 8
17 1 9
17 2 10
17 3 11
17 4 12
17 5 13
17 6 14
17 7 15
17 8 16
17 9 17
17 10 18
17 11 19
17 12 20
17 13 21
17 14 22
17 15 23
17 16 24
18 0 7
18 1 8
18 2 9
18 3 10
18 4 11
18 5 12
18 6 13
18 7 14
18 8 15
18 9 16
18 10 17
18 11 18
18 12 19
18 13 20
18 14 21
18 15 22
18 16 23
18 17 24
19 0 6
19 1 7
19 2 8
19 3 9
19 4 10
19 5 11
19 6 12
19 7 13
19 8 14
19 9 15
19 10 16
19 11 17
19 12 18
19 13 19
19 14 20
19 15 21
19 16 22
19 17 23
19 18 24
20 0 5
20 1 6
20 2 7
20 3 8
20 4 9
20 5 10
20 6 11
20 7 12
20 8 13
20 9 14
20 10 15
20 11 16
20 12 17
20 13 18
20 14 19
20 15 20
20 16 21
20 17 22
20 18 23
20 19 24
21 0 4
21 1 5
21 2 6
21 3 7
21 4 8
21 5 9
21 6 10
21 7 11
21 8 12
21 9 13
21 10 14
21 11 15
21 12 16
21 13 17
21 14 18
21 15 19
21 16 20
21 17 21
21 18 22
21 19 23
21 20 24
22 0 3
22 1 4
22 2 5
22 3 6
22 4 7
22 5 8
22 6 9
22 7 10
22 8 11
22 9 12
22 10 13
22 11 14
22 12 15
22 13 16
22 14 17
22 15 18
22 16 19
22 17 20
22 18 21
22 19 22
22 20 23
22 21 24
23 0 2
23 1 3
23 2 4
23 3 5
23 4 6
23 5 7
23 6 8
23 7 9
23 8 10
23 9 11
23 10 12
23 11 13
23 12 14
23 13 15
23 14 16
23 15 17
23 16 18
23 17 19
23 18 20
23 19 21
23 20 22
23 21 23
23 22 24
24 0 1
24 1 2
24 2 3
24 3 4
24 4 5
24 5 6
24 6 7
24 7 8
24 8 9
24 9 10
24 10 11
24 11 12
24 12 13
24 13 14
24 14 15
24 15 16
24 16 17
24 17 18
24 18 19
24 19 20
24 20 21
24 21 22
24 22 23
24 23 24
