100
0 1 1
0 2 2
0 3 3
0 4 4
0 5 5
0 6 6
0 7 7
0 8 8
0 9 9
0 10 10
0 11 11
0 12 12
0 13 13
0 14 14
0 15 15
0 16 16
0 17 17
0 18 18
0 19 19
0 20 20
0 21 21
0 22 22
0 23 23
0 24 24
0 25 25
0 26 26
0 27 27
0 28 28
0 29 29
0 30 30
0 31 31
0 32 32
0 33 33
0 34 34
0 35 35
0 36 36
0 37 37
0 38 38
0 39 39
0 40 40
0 41 41
0 42 42
0 43 43
0 44 44
0 45 45
0 46 46
0 47 47
0 48 48
0 49 49
0 50 50
0 51 51
0 52 52
0 53 53
0 54 54
0 55 55
0 56 56
0 57 57
0 58 58
0 59 59
0 60 60
0 61 61
0 62 62
0 63 63
0 64 64
0 65 65
0 66 66
0 67 67
0 68 68
0 69 69
0 70 70
0 71 71
0 72 72
0 73 73
0 74 74
0 75 75
0 76 76
0 77 77
0 78 78
0 79 79
0 80 80
0 81 81
0 82 82
0 83 83
0 84 84
0 85 85
0 86 86
0 87 87
0 88 88
0 89 89
0 90 90
0 91 91
0 92 92
0 93 93
0 94 94
0 95 95
0 96 96
0 97 97
0 98 98
0 99 99
1 2 1
1 3 2
1 4 3
1 5 4
1 6 5
1 7 6
1 8 7
1 9 8
1 10 9
1 11 10
1 12 11
1 13 12
1 14 13
1 15 14
1 16 15
1 17 16
1 18 17
1 19 18
1 20 19
1 21 20
1 22 21
1 23 22
1 24 23
1 25 24
1 26 25
1 27 26
1 28 27
1 29 28
1 30 29
1 31 30
1 32 31
1 33 32
1 34 33
1 35 34
1 36 35
1 37 36
1 38 37
1 39 38
1 40 39
1 41 40
1 42 41
1 43 42
1 44 43
1 45 44
1 46 45
1 47 46
1 48 47
1 49 48
1 50 49
1 51 50
1 52 51
1 53 52
1 54 53
1 55 54
1 56 55
1 57 56
1 58 57
1 59 58
1 60 59
1 61 60
1 62 61
1 63 62
1 64 63
1 65 64
1 66 65
1 67 66
1 68 67
1 69 68
1 70 69
1 71 70
1 72 71
1 73 72
1 74 73
1 75 74
1 76 75
1 77 76
1 78 77
1 79 78
1 80 79
1 81 80
1 82 81
1 83 82
1 84 83
1 85 84
1 86 85
1 87 86
1 88 87
1 89 88
1 90 89
1 91 90
1 92 91
1 93 92
1 94 93
1 95 94
1 96 95
1 97 96
1 98 97
1 99 98
2 3 1
2 4 2
2 5 3
2 6 4
2 7 5
2 8 6
2 9 7
2 10 8
2 11 9
2 12 10
2 13 11
2 14 12
2 15 13
2 16 14
2 17 15
2 18 16
2 19 17
2 20 18
2 21 19
2 22 20
2 23 21
2 24 22
2 25 23
2 26 24
2 27 25
2 28 26
2 29 27
2 30 28
2 31 29
2 32 30
2 33 31
2 34 32
2 35 33
2 36 34
2 37 35
2 38 36
2 39 37
2 40 38
2 41 39
2 42 40
2 43 41
2 44 42
2 45 43
2 46 44
2 47 45
2 48 46
2 49 47
2 50 48
2 51 49
2 52 50
2 53 51
2 54 52
2 55 53
2 56 54
2 57 55
2 58 56
2 59 57
2 60 58
2 61 59
2 62 60
2 63 61
2 64 62
2 65 63
2 66 64
2 67 65
2 68 66
2 69 67
2 70 68
2 71 69
2 72 70
2 73 71
2 74 72
2 75 73
2 76 74
2 77 75
2 78 76
2 79 77
2 80 78
2 81 79
2 82 80
2 83 81
2 84 82
2 85 83
2 86 84
2 87 85
2 88 86
2 89 87
2 90 88
2 91 89
2 92 90
2 93 91
2 94 92
2 95 93
2 96 94
2 97 95
2 98 96
2 99 97
3 4 1
3 5 2
3 6 3
3 7 4
3 8 5
3 9 6
3 10 7
3 11 8
3 12 9
3 13 10
3 14 11
3 15 12
3 16 13
3 17 14
3 18 15
3 19 16
3 20 17
3 21 18
3 22 19
3 23 20
3 24 21
3 25 22
3 26 23
3 27 24
3 28 25
3 29 26
3 30 27
3 31 28
3 32 29
3 33 30
3 34 31
3 35 32
3 36 33
3 37 34
3 38 35
3 39 36
3 40 37
3 41 38
3 42 39
3 43 40
3 44 41
3 45 42
3 46 43
3 47 44
3 48 45
3 49 46
3 50 47
3 51 48
3 52 49
3 53 50
3 54 51
3 55 52
3 56 53
3 57 54
3 58 55
3 59 56
3 60 57
3 61 58
3 62 59
3 63 60
3 64 61
3 65 62
3 66 63
3 67 64
3 68 65
3 69 66
3 70 67
3 71 68
3 72 69
3 73 70
3 74 71
3 75 72
3 76 73
3 77 74
3 78 75
3 79 76
3 80 77
3 81 78
3 82 79
3 83 80
3 84 81
3 85 82
3 86 83
3 87 84
3 88 85
3 89 86
3 90 87
3 91 88
3 92 89
3 93 90
3 94 91
3 95 92
3 96 93
3 97 94
3 98 95
3 99 96
4 5 1
4 6 2
4 7 3
4 8 4
4 9 5
4 10 6
4 11 7
4 12 8
4 13 9
4 14 10
4 15 11
4 16 12
4 17 13
4 18 14
4 19 15
4 20 16
4 21 17
4 22 18
4 23 19
4 24 20
4 25 21
4 26 22
4 27 23
4 28 24
4 29 25
4 30 26
4 31 27
4 32 28
4 33 29
4 34 30
4 35 31
4 36 32
4 37 33
4 38 34
4 39 35
4 40 36
4 41 37
4 42 38
4 43 39
4 44 40
4 45 41
4 46 42
4 47 43
4 48 44
4 49 45
4 50 46
4 51 47
4 52 48
4 53 49
4 54 50
4 55 51
4 56 52
4 57 53
4 58 54
4 59 55
4 60 56
4 61 57
4 62 58
4 63 59
4 64 60
4 65 61
4 66 62
4 67 63
4 68 64
4 69 65
4 70 66
4 71 67
4 72 68
4 73 69
4 74 70
4 75 71
4 76 72
4 77 73
4 78 74
4 79 75
4 80 76
4 81 77
4 82 78
4 83 79
4 84 80
4 85 81
4 86 82
4 87 83
4 88 84
4 89 85
4 90 86
4 91 87
4 92 88
4 93 89
4 94 90
4 95 91
4 96 92
4 97 93
4 98 94
4 99 95
5 6 1
5 7 2
5 8 3
5 9 4
5 10 5
5 11 6
5 12 7
5 13 8
5 14 9
5 15 10
5 16 11
5 17 12
5 18 13
5 19 14
5 20 15
5 21 16
5 22 17
5 23 18
5 24 19
5 25 20
5 26 21
5 27 22
5 28 23
5 29 24
5 30 25
5 31 26
5 32 27
5 33 28
5 34 29
5 35 30
5 36 31
5 37 32
5 38 33
5 39 34
5 40 35
5 41 36
5 42 37
5 43 38
5 44 39
5 45 40
5 46 41
5 47 42
5 48 43
5 49 44
5 50 45
5 51 46
5 52 47
5 53 48
5 54 49
5 55 50
5 56 51
5 57 52
5 58 53
5 59 54
5 60 55
5 61 56
5 62 57
5 63 58
5 64 59
5 65 60
5 66 61
5 67 62
5 68 63
5 69 64
5 70 65
5 71 66
5 72 67
5 73 68
5 74 69
5 75 70
5 76 71
5 77 72
5 78 73
5 79 74
5 80 75
5 81 76
5 82 77
5 83 78
5 84 79
5 85 80
5 86 81
5 87 82
5 88 83
5 89 84
5 90 85
5 91 86
5 92 87
5 93 88
5 94 89
5 95 90
5 96 91
5 97 92
5 98 93
5 99 94
6 7 1
6 8 2
6 9 3
6 10 4
6 11 5
6 12 6
6 13 7
6 14 8
6 15 9
6 16 10
6 17 11
6 18 12
6 19 13
6 20 14
6 21 15
6 22 16
6 23 17
6 24 18
6 25 19
6 26 20
6 27 21
6 28 22
6 29 23
6 30 24
6 31 25
6 32 26
6 33 27
6 34 28
6 35 29
6 36 30
6 37 31
6 38 32
6 39 33
6 40 34
6 41 35
6 42 36
6 43 37
6 44 38
6 45 39
6 46 40
6 47 41
6 48 42
6 49 43
6 50 44
6 51 45
6 52 46
6 53 47
6 54 48
6 55 49
6 56 50
6 57 51
6 58 52
6 59 53
6 60 54
6 61 55
6 62 56
6 63 57
6 64 58
6 65 59
6 66 60
6 67 61
6 68 62
6 69 63
6 70 64
6 71 65
6 72 66
6 73 67
6 74 68
6 75 69
6 76 70
6 77 71
6 78 72
6 79 73
6 80 74
6 81 75
6 82 76
6 83 77
6 84 78
6 85 79
6 86 80
6 87 81
6 88 82
6 89 83
6 90 84
6 91 85
6 92 86
6 93 87
6 94 88
6 95 89
6 96 90
6 97 91
6 98 92
6 99 93
7 8 1
7 9 2
7 10 3
7 11 4
7 12 5
7 13 6
7 14 7
7 15 8
7 16 9
7 17 10
7 18 11
7 19 12
7 20 13
7 21 14
7 22 15
7 23 16
7 24 17
7 25 18
7 26 19
7 27 20
7 28 21
7 29 22
7 30 23
7 31 24
7 32 25
7 33 26
7 34 27
7 35 28
7 36 29
7 37 30
7 38 31
7 39 32
7 40 33
7 41 34
7 42 35
7 43 36
7 44 37
7 45 38
7 46 39
7 47 40
7 48 41
7 49 42
7 50 43
7 51 44
7 52 45
7 53 46
7 54 47
7 55 48
7 56 49
7 57 50
7 58 51
7 59 52
7 60 53
7 61 54
7 62 55
7 63 56
7 64 57
7 65 58
7 66 59
7 67 60
7 68 61
7 69 62
7 70 63
7 71 64
7 72 65
7 73 66
7 74 67
7 75 68
7 76 69
7 77 70
7 78 71
7 79 72
7 80 73
7 81 74
7 82 75
7 83 76
7 84 77
7 85 78
7 86 79
7 87 80
7 88 81
7 89 82
7 90 83
7 91 84
7 92 85
7 93 86
7 94 87
7 95 88
7 96 89
7 97 90
7 98 91
7 99 92
8 9 1
8 10 2
8 11 3
8 12 4
8 13 5
8 14 6
8 15 7
8 16 8
8 17 9
8 18 10
8 19 11
8 20 12
8 21 13
8 22 14
8 23 15
8 24 16
8 25 17
8 26 18
8 27 19
8 28 20
8 29 21
8 30 22
8 31 23
8 32 24
8 33 25
8 34 26
8 35 27
8 36 28
8 37 29
8 38 30
8 39 31
8 40 32
8 41 33
8 42 34
8 43 35
8 44 36
8 45 37
8 46 38
8 47 39
8 48 40
8 49 41
8 50 42
8 51 43
8 52 44
8 53 45
8 54 46
8 55 47
8 56 48
8 57 49
8 58 50
8 59 51
8 60 52
8 61 53
8 62 54
8 63 55
8 64 56
8 65 57
8 66 58
8 67 59
8 68 60
8 69 61
8 70 62
8 71 63
8 72 64
8 73 65
8 74 66
8 75 67
8 76 68
8 77 69
8 78 70
8 79 71
8 80 72
8 81 73
8 82 74
8 83 75
8 84 76
8 85 77
8 86 78
8 87 79
8 88 80
8 89 81
8 90 82
8 91 83
8 92 84
8 93 85
8 94 86
8 95 87
8 96 88
8 97 89
8 98 90
8 99 91
9 10 1
9 11 2
9 12 3
9 13 4
9 14 5
9 15 6
9 16 7
9 17 8
9 18 9
9 19 10
9 20 11
9 21 12
9 22 13
9 23 14
9 24 15
9 25 16
9 26 17
9 27 18
9 28 19
9 29 20
9 30 21
9 31 22
9 32 23
9 33 24
9 34 25
9 35 26
9 36 27
9 37 28
9 38 29
9 39 30
9 40 31
9 41 32
9 42 33
9 43 34
9 44 35
9 45 36
9 46 37
9 47 38
9 48 39
9 49 40
9 50 41
9 51 42
9 52 43
9 53 44
9 54 45
9 55 46
9 56 47
9 57 48
9 58 49
9 59 50
9 60 51
9 61 52
9 62 53
9 63 54
9 64 55
9 65 56
9 66 57
9 67 58
9 68 59
9 69 60
9 70 61
9 71 62
9 72 63
9 73 64
9 74 65
9 75 66
9 76 67
9 77 68
9 78 69
9 79 70
9 80 71
9 81 72
9 82 73
9 83 74
9 84 75
9 85 76
9 86 77
9 87 78
9 88 79
9 89 80
9 90 81
9 91 82
9 92 83
9 93 84
9 94 85
9 95 86
9 96 87
9 97 88
9 98 89
9 99 90
10 11 1
10 12 2
10 13 3
10 14 4
10 15 5
10 16 6
10 17 7
10 18 8
10 19 9
10 20 10
10 21 11
10 22 12
10 23 13
10 24 14
10 25 15
10 26 16
10 27 17
10 28 18
10 29 19
10 30 20
10 31 21
10 32 22
10 33 23
10 34 24
10 35 25
10 36 26
10 37 27
10 38 28
10 39 29
10 40 30
10 41 31
10 42 32
10 43 33
10 44 34
10 45 35
10 46 36
10 47 37
10 48 38
10 49 39
10 50 40
10 51 41
10 52 42
10 53 43
10 54 44
10 55 45
10 56 46
10 57 47
10 58 48
10 59 49
10 60 50
10 61 51
10 62 52
10 63 53
10 64 54
10 65 55
10 66 56
10 67 57
10 68 58
10 69 59
10 70 60
10 71 61
10 72 62
10 73 63
10 74 64
10 75 65
10 76 66
10 77 67
10 78 68
10 79 69
10 80 70
10 81 71
10 82 72
10 83 73
10 84 74
10 85 75
10 86 76
10 87 77
10 88 78
10 89 79
10 90 80
10 91 81
10 92 82
10 93 83
10 94 84
10 95 85
10 96 86
10 97 87
10 98 88
10 99 89
11 12 1
11 13 2
11 14 3
11 15 4
11 16 5
11 17 6
11 18 7
11 19 8
11 20 9
11 21 10
11 22 11
11 23 12
11 24 13
11 25 14
11 26 15
11 27 16
11 28 17
11 29 18
11 30 19
11 31 20
11 32 21
11 33 22
11 34 23
11 35 24
11 36 25
11 37 26
11 38 27
11 39 28
11 40 29
11 41 30
11 42 31
11 43 32
11 44 33
11 45 34
11 46 35
11 47 36
11 48 37
11 49 38
11 50 39
11 51 40
11 52 41
11 53 42
11 54 43
11 55 44
11 56 45
11 57 46
11 58 47
11 59 48
11 60 49
11 61 50
11 62 51
11 63 52
11 64 53
11 65 54
11 66 55
11 67 56
11 68 57
11 69 58
11 70 59
11 71 60
11 72 61
11 73 62
11 74 63
11 75 64
11 76 65
11 77 66
11 78 67
11 79 68
11 80 69
11 81 70
11 82 71
11 83 72
11 84 73
11 85 74
11 86 75
11 87 76
11 88 77
11 89 78
11 90 79
11 91 80
11 92 81
11 93 82
11 94 83
11 95 84
11 96 85
11 97 86
11 98 87
11 99 88
12 13 1
12 14 2
12 15 3
12 16 4
12 17 5
12 18 6
12 19 7
12 20 8
12 21 9
12 22 10
12 23 11
12 24 12
12 25 13
12 26 14
12 27 15
12 28 16
12 29 17
12 30 18
12 31 19
12 32 20
12 33 21
12 34 22
12 35 23
12 36 24
12 37 25
12 38 26
12 39 27
12 40 28
12 41 29
12 42 30
12 43 31
12 44 32
12 45 33
12 46 34
12 47 35
12 48 36
12 49 37
12 50 38
12 51 39
12 52 40
12 53 41
12 54 42
12 55 43
12 56 44
12 57 45
12 58 46
12 59 47
12 60 48
12 61 49
12 62 50
12 63 51
12 64 52
12 65 53
12 66 54
12 67 55
12 68 56
12 69 57
12 70 58
12 71 59
12 72 60
12 73 61
12 74 62
12 75 63
12 76 64
12 77 65
12 78 66
12 79 67
12 80 68
12 81 69
12 82 70
12 83 71
12 84 72
12 85 73
12 86 74
12 87 75
12 88 76
12 89 77
12 90 78
12 91 79
12 92 80
12 93 81
12 94 82
12 95 83
12 96 84
12 97 85
12 98 86
12 99 87
13 14 1
13 15 2
13 16 3
13 17 4
13 18 5
13 19 6
13 20 7
13 21 8
13 22 9
13 23 10
13 24 11
13 25 12
13 26 13
13 27 14
13 28 15
13 29 16
13 30 17
13 31 18
13 32 19
13 33 20
13 34 21
13 35 22
13 36 23
13 37 24
13 38 25
13 39 26
13 40 27
13 41 28
13 42 29
13 43 30
13 44 31
13 45 32
13 46 33
13 47 34
13 48 35
13 49 36
13 50 37
13 51 38
13 52 39
13 53 40
13 54 41
13 55 42
13 56 43
13 57 44
13 58 45
13 59 46
13 60 47
13 61 48
13 62 49
13 63 50
13 64 51
13 65 52
13 66 53
13 67 54
13 68 55
13 69 56
13 70 57
13 71 58
13 72 59
13 73 60
13 74 61
13 75 62
13 76 63
13 77 64
13 78 65
13 79 66
13 80 67
13 81 68
13 82 69
13 83 70
13 84 71
13 85 72
13 86 73
13 87 74
13 88 75
13 89 76
13 90 77
13 91 78
13 92 79
13 93 80
13 94 81
13 95 82
13 96 83
13 97 84
13 98 85
13 99 86
14 15 1
14 16 2
14 17 3
14 18 4
14 19 5
14 20 6
14 21 7
14 22 8
14 23 9
14 24 10
14 25 11
14 26 12
14 27 13
14 28 14
14 29 15
14 30 16
14 31 17
14 32 18
14 33 19
14 34 20
14 35 21
14 36 22
14 37 23
14 38 24
14 39 25
14 40 26
14 41 27
14 42 28
14 43 29
14 44 30
14 45 31
14 46 32
14 47 33
14 48 34
14 49 35
14 50 36
14 51 37
14 52 38
14 53 39
14 54 40
14 55 41
14 56 42
14 57 43
14 58 44
14 59 45
14 60 46
14 61 47
14 62 48
14 63 49
14 64 50
14 65 51
14 66 52
14 67 53
14 68 54
14 69 55
14 70 56
14 71 57
14 72 58
14 73 59
14 74 60
14 75 61
14 76 62
14 77 63
14 78 64
14 79 65
14 80 66
14 81 67
14 82 68
14 83 69
14 84 70
14 85 71
14 86 72
14 87 73
14 88 74
14 89 75
14 90 76
14 91 77
14 92 78
14 93 79
14 94 80
14 95 81
14 96 82
14 97 83
14 98 84
14 99 85
15 16 1
15 17 2
15 18 3
15 19 4
15 20 5
15 21 6
15 22 7
15 23 8
15 24 9
15 25 10
15 26 11
15 27 12
15 28 13
15 29 14
15 30 15
15 31 16
15 32 17
15 33 18
15 34 19
15 35 20
15 36 21
15 37 22
15 38 23
15 39 24
15 40 25
15 41 26
15 42 27
15 43 28
15 44 29
15 45 30
15 46 31
15 47 32
15 48 33
15 49 34
15 50 35
15 51 36
15 52 37
15 53 38
15 54 39
15 55 40
15 56 41
15 57 42
15 58 43
15 59 44
15 60 45
15 61 46
15 62 47
15 63 48
15 64 49
15 65 50
15 66 51
15 67 52
15 68 53
15 69 54
15 70 55
15 71 56
15 72 57
15 73 58
15 74 59
15 75 60
15 76 61
15 77 62
15 78 63
15 79 64
15 80 65
15 81 66
15 82 67
15 83 68
15 84 69
15 85 70
15 86 71
15 87 72
15 88 73
15 89 74
15 90 75
15 91 76
15 92 77
15 93 78
15 94 79
15 95 80
15 96 81
15 97 82
15 98 83
15 99 84
16 17 1
16 18 2
16 19 3
16 20 4
16 21 5
16 22 6
16 23 7
16 24 8
16 25 9
16 26 10
16 27 11
16 28 12
16 29 13
16 30 14
16 31 15
16 32 16
16 33 17
16 34 18
16 35 19
16 36 20
16 37 21
16 38 22
16 39 23
16 40 24
16 41 25
16 42 26
16 43 27
16 44 28
16 45 29
16 46 30
16 47 31
16 48 32
16 49 33
16 50 34
16 51 35
16 52 36
16 53 37
16 54 38
16 55 39
16 56 40
16 57 41
16 58 42
16 59 43
16 60 44
16 61 45
16 62 46
16 63 47
16 64 48
16 65 49
16 66 50
16 67 51
16 68 52
16 69 53
16 70 54
16 71 55
16 72 56
16 73 57
16 74 58
16 75 59
16 76 60
16 77 61
16 78 62
16 79 63
16 80 64
16 81 65
16 82 66
16 83 67
16 84 68
16 85 69
16 86 70
16 87 71
16 88 72
16 89 73
16 90 74
16 91 75
16 92 76
16 93 77
16 94 78
16 95 79
16 96 80
16 97 81
16 98 82
16 99 83
17 18 1
17 19 2
17 20 3
17 21 4
17 22 5
17 23 6
17 24 7
17 25 8
17 26 9
17 27 10
17 28 11
17 29 12
17 30 13
17 31 14
17 32 15
17 33 16
17 34 17
17 35 18
17 36 19
17 37 20
17 38 21
17 39 22
17 40 23
17 41 24
17 42 25
17 43 26
17 44 27
17 45 28
17 46 29
17 47 30
17 48 31
17 49 32
17 50 33
17 51 34
17 52 35
17 53 36
17 54 37
17 55 38
17 56 39
17 57 40
17 58 41
17 59 42
17 60 43
17 61 44
17 62 45
17 63 46
17 64 47
17 65 48
17 66 49
17 67 50
17 68 51
17 69 52
17 70 53
17 71 54
17 72 55
17 73 56
17 74 57
17 75 58
17 76 59
17 77 60
17 78 61
17 79 62
17 80 63
17 81 64
17 82 65
17 83 66
17 84 67
17 85 68
17 86 69
17 87 70
17 88 71
17 89 72
17 90 73
17 91 74
17 92 75
17 93 76
17 94 77
17 95 78
17 96 79
17 97 80
17 98 81
17 99 82
18 19 1
18 20 2
18 21 3
18 22 4
18 23 5
18 24 6
18 25 7
18 26 8
18 27 9
18 28 10
18 29 11
18 30 12
18 31 13
18 32 14
18 33 15
18 34 16
18 35 17
18 36 18
18 37 19
18 38 20
18 39 21
18 40 22
18 41 23
18 42 24
18 43 25
18 44 26
18 45 27
18 46 28
18 47 29
18 48 30
18 49 31
18 50 32
18 51 33
18 52 34
18 53 35
18 54 36
18 55 37
18 56 38
18 57 39
18 58 40
18 59 41
18 60 42
18 61 43
18 62 44
18 63 45
18 64 46
18 65 47
18 66 48
18 67 49
18 68 50
18 69 51
18 70 52
18 71 53
18 72 54
18 73 55
18 74 56
18 75 57
18 76 58
18 77 59
18 78 60
18 79 61
18 80 62
18 81 63
18 82 64
18 83 65
18 84 66
18 85 67
18 86 68
18 87 69
18 88 70
18 89 71
18 90 72
18 91 73
18 92 74
18 93 75
18 94 76
18 95 77
18 96 78
18 97 79
18 98 80
18 99 81
19 20 1
19 21 2
19 22 3
19 23 4
19 24 5
19 25 6
19 26 7
19 27 8
19 28 9
19 29 10
19 30 11
19 31 12
19 32 13
19 33 14
19 34 15
19 35 16
19 36 17
19 37 18
19 38 19
19 39 20
19 40 21
19 41 22
19 42 23
19 43 24
19 44 25
19 45 26
19 46 27
19 47 28
19 48 29
19 49 30
19 50 31
19 51 32
19 52 33
19 53 34
19 54 35
19 55 36
19 56 37
19 57 38
19 58 39
19 59 40
19 60 41
19 61 42
19 62 43
19 63 44
19 64 45
19 65 46
19 66 47
19 67 48
19 68 49
19 69 50
19 70 51
19 71 52
19 72 53
19 73 54
19 74 55
19 75 56
19 76 57
19 77 58
19 78 59
19 79 60
19 80 61
19 81 62
19 82 63
19 83 64
19 84 65
19 85 66
19 86 67
19 87 68
19 88 69
19 89 70
19 90 71
19 91 72
19 92 73
19 93 74
19 94 75
19 95 76
19 96 77
19 97 78
19 98 79
19 99 80
20 21 1
20 22 2
20 23 3
20 24 4
20 25 5
20 26 6
20 27 7
20 28 8
20 29 9
20 30 10
20 31 11
20 32 12
20 33 13
20 34 14
20 35 15
20 36 16
20 37 17
20 38 18
20 39 19
20 40 20
20 41 21
20 42 22
20 43 23
20 44 24
20 45 25
20 46 26
20 47 27
20 48 28
20 49 29
20 50 30
20 51 31
20 52 32
20 53 33
20 54 34
20 55 35
20 56 36
20 57 37
20 58 38
20 59 39
20 60 40
20 61 41
20 62 42
20 63 43
20 64 44
20 65 45
20 66 46
20 67 47
20 68 48
20 69 49
20 70 50
20 71 51
20 72 52
20 73 53
20 74 54
20 75 55
20 76 56
20 77 57
20 78 58
20 79 59
20 80 60
20 81 61
20 82 62
20 83 63
20 84 64
20 85 65
20 86 66
20 87 67
20 88 68
20 89 69
20 90 70
20 91 71
20 92 72
20 93 73
20 94 74
20 95 75
20 96 76
20 97 77
20 98 78
20 99 79
21 22 1
21 23 2
21 24 3
21 25 4
21 26 5
21 27 6
21 28 7
21 29 8
21 30 9
21 31 10
21 32 11
21 33 12
21 34 13
21 35 14
21 36 15
21 37 16
21 38 17
21 39 18
21 40 19
21 41 20
21 42 21
21 43 22
21 44 23
21 45 24
21 46 25
21 47 26
21 48 27
21 49 28
21 50 29
21 51 30
21 52 31
21 53 32
21 54 33
21 55 34
21 56 35
21 57 36
21 58 37
21 59 38
21 60 39
21 61 40
21 62 41
21 63 42
21 64 43
21 65 44
21 66 45
21 67 46
21 68 47
21 69 48
21 70 49
21 71 50
21 72 51
21 73 52
21 74 53
21 75 54
21 76 55
21 77 56
21 78 57
21 79 58
21 80 59
21 81 60
21 82 61
21 83 62
21 84 63
21 85 64
21 86 65
21 87 66
21 88 67
21 89 68
21 90 69
21 91 70
21 92 71
21 93 72
21 94 73
21 95 74
21 96 75
21 97 76
21 98 77
21 99 78
22 23 1
22 24 2
22 25 3
22 26 4
22 27 5
22 28 6
22 29 7
22 30 8
22 31 9
22 32 10
22 33 11
22 34 12
22 35 13
22 36 14
22 37 15
22 38 16
22 39 17
22 40 18
22 41 19
22 42 20
22 43 21
22 44 22
22 45 23
22 46 24
22 47 25
22 48 26
22 49 27
22 50 28
22 51 29
22 52 30
22 53 31
22 54 32
22 55 33
22 56 34
22 57 35
22 58 36
22 59 37
22 60 38
22 61 39
22 62 40
22 63 41
22 64 42
22 65 43
22 66 44
22 67 45
22 68 46
22 69 47
22 70 48
22 71 49
22 72 50
22 73 51
22 74 52
22 75 53
22 76 54
22 77 55
22 78 56
22 79 57
22 80 58
22 81 59
22 82 60
22 83 61
22 84 62
22 85 63
22 86 64
22 87 65
22 88 66
22 89 67
22 90 68
22 91 69
22 92 70
22 93 71
22 94 72
22 95 73
22 96 74
22 97 75
22 98 76
22 99 77
23 24 1
23 25 2
23 26 3
23 27 4
23 28 5
23 29 6
23 30 7
23 31 8
23 32 9
23 33 10
23 34 11
23 35 12
23 36 13
23 37 14
23 38 15
23 39 16
23 40 17
23 41 18
23 42 19
23 43 20
23 44 21
23 45 22
23 46 23
23 47 24
23 48 25
23 49 26
23 50 27
23 51 28
23 52 29
23 53 30
23 54 31
23 55 32
23 56 33
23 57 34
23 58 35
23 59 36
23 60 37
23 61 38
23 62 39
23 63 40
23 64 41
23 65 42
23 66 43
23 67 44
23 68 45
23 69 46
23 70 47
23 71 48
23 72 49
23 73 50
23 74 51
23 75 52
23 76 53
23 77 54
23 78 55
23 79 56
23 80 57
23 81 58
23 82 59
23 83 60
23 84 61
23 85 62
23 86 63
23 87 64
23 88 65
23 89 66
23 90 67
23 91 68
23 92 69
23 93 70
23 94 71
23 95 72
23 96 73
23 97 74
23 98 75
23 99 76
24 25 1
24 26 2
24 27 3
24 28 4
24 29 5
24 30 6
24 31 7
24 32 8
24 33 9
24 34 10
24 35 11
24 36 12
24 37 13
24 38 14
24 39 15
24 40 16
24 41 17
24 42 18
24 43 19
24 44 20
24 45 21
24 46 22
24 47 23
24 48 24
24 49 25
24 50 26
24 51 27
24 52 28
24 53 29
24 54 30
24 55 31
24 56 32
24 57 33
24 58 34
24 59 35
24 60 36
24 61 37
24 62 38
24 63 39
24 64 40
24 65 41
24 66 42
24 67 43
24 68 44
24 69 45
24 70 46
24 71 47
24 72 48
24 73 49
24 74 50
24 75 51
24 76 52
24 77 53
24 78 54
24 79 55
24 80 56
24 81 57
24 82 58
24 83 59
24 84 60
24 85 61
24 86 62
24 87 63
24 88 64
24 89 65
24 90 66
24 91 67
24 92 68
24 93 69
24 94 70
24 95 71
24 96 72
24 97 73
24 98 74
24 99 75
25 26 1
25 27 2
25 28 3
25 29 4
25 30 5
25 31 6
25 32 7
25 33 8
25 34 9
25 35 10
25 36 11
25 37 12
25 38 13
25 39 14
25 40 15
25 41 16
25 42 17
25 43 18
25 44 19
25 45 20
25 46 21
25 47 22
25 48 23
25 49 24
25 50 25
25 51 26
25 52 27
25 53 28
25 54 29
25 55 30
25 56 31
25 57 32
25 58 33
25 59 34
25 60 35
25 61 36
25 62 37
25 63 38
25 64 39
25 65 40
25 66 41
25 67 42
25 68 43
25 69 44
25 70 45
25 71 46
25 72 47
25 73 48
25 74 49
25 75 50
25 76 51
25 77 52
25 78 53
25 79 54
25 80 55
25 81 56
25 82 57
25 83 58
25 84 59
25 85 60
25 86 61
25 87 62
25 88 63
25 89 64
25 90 65
25 91 66
25 92 67
25 93 68
25 94 69
25 95 70
25 96 71
25 97 72
25 98 73
25 99 74
26 27 1
26 28 2
26 29 3
26 30 4
26 31 5
26 32 6
26 33 7
26 34 8
26 35 9
26 36 10
26 37 11
26 38 12
26 39 13
26 40 14
26 41 15
26 42 16
26 43 17
26 44 18
26 45 19
26 46 20
26 47 21
26 48 22
26 49 23
26 50 24
26 51 25
26 52 26
26 53 27
26 54 28
26 55 29
26 56 30
26 57 31
26 58 32
26 59 33
26 60 34
26 61 35
26 62 36
26 63 37
26 64 38
26 65 39
26 66 40
26 67 41
26 68 42
26 69 43
26 70 44
26 71 45
26 72 46
26 73 47
26 74 48
26 75 49
26 76 50
26 77 51
26 78 52
26 79 53
26 80 54
26 81 55
26 82 56
26 83 57
26 84 58
26 85 59
26 86 60
26 87 61
26 88 62
26 89 63
26 90 64
26 91 65
26 92 66
26 93 67
26 94 68
26 95 69
26 96 70
26 97 71
26 98 72
26 99 73
27 28 1
27 29 2
27 30 3
27 31 4
27 32 5
27 33 6
27 34 7
27 35 8
27 36 9
27 37 10
27 38 11
27 39 12
27 40 13
27 41 14
27 42 15
27 43 16
27 44 17
27 45 18
27 46 19
27 47 20
27 48 21
27 49 22
27 50 23
27 51 24
27 52 25
27 53 26
27 54 27
27 55 28
27 56 29
27 57 30
27 58 31
27 59 32
27 60 33
27 61 34
27 62 35
27 63 36
27 64 37
27 65 38
27 66 39
27 67 40
27 68 41
27 69 42
27 70 43
27 71 44
27 72 45
27 73 46
27 74 47
27 75 48
27 76 49
27 77 50
27 78 51
27 79 52
27 80 53
27 81 54
27 82 55
27 83 56
27 84 57
27 85 58
27 86 59
27 87 60
27 88 61
27 89 62
27 90 63
27 91 64
27 92 65
27 93 66
27 94 67
27 95 68
27 96 69
27 97 70
27 98 71
27 99 72
28 29 1
28 30 2
28 31 3
28 32 4
28 33 5
28 34 6
28 35 7
28 36 8
28 37 9
28 38 10
28 39 11
28 40 12
28 41 13
28 42 14
28 43 15
28 44 16
28 45 17
28 46 18
28 47 19
28 48 20
28 49 21
28 50 22
28 51 23
28 52 24
28 53 25
28 54 26
28 55 27
28 56 28
28 57 29
28 58 30
28 59 31
28 60 32
28 61 33
28 62 34
28 63 35
28 64 36
28 65 37
28 66 38
28 67 39
28 68 40
28 69 41
28 70 42
28 71 43
28 72 44
28 73 45
28 74 46
28 75 47
28 76 48
28 77 49
28 78 50
28 79 51
28 80 52
28 81 53
28 82 54
28 83 55
28 84 56
28 85 57
28 86 58
28 87 59
28 88 60
28 89 61
28 90 62
28 91 63
28 92 64
28 93 65
28 94 66
28 95 67
28 96 68
28 97 69
28 98 70
28 99 71
29 30 1
29 31 2
29 32 3
29 33 4
29 34 5
29 35 6
29 36 7
29 37 8
29 38 9
29 39 10
29 40 11
29 41 12
29 42 13
29 43 14
29 44 15
29 45 16
29 46 17
29 47 18
29 48 19
29 49 20
29 50 21
29 51 22
29 52 23
29 53 24
29 54 25
29 55 26
29 56 27
29 57 28
29 58 29
29 59 30
29 60 31
29 61 32
29 62 33
29 63 34
29 64 35
29 65 36
29 66 37
29 67 38
29 68 39
29 69 40
29 70 41
29 71 42
29 72 43
29 73 44
29 74 45
29 75 46
29 76 47
29 77 48
29 78 49
29 79 50
29 80 51
29 81 52
29 82 53
29 83 54
29 84 55
29 85 56
29 86 57
29 87 58
29 88 59
29 89 60
29 90 61
29 91 62
29 92 63
29 93 64
29 94 65
29 95 66
29 96 67
29 97 68
29 98 69
29 99 70
30 31 1
30 32 2
30 33 3
30 34 4
30 35 5
30 36 6
30 37 7
30 38 8
30 39 9
30 40 10
30 41 11
30 42 12
30 43 13
30 44 14
30 45 15
30 46 16
30 47 17
30 48 18
30 49 19
30 50 20
30 51 21
30 52 22
30 53 23
30 54 24
30 55 25
30 56 26
30 57 27
30 58 28
30 59 29
30 60 30
30 61 31
30 62 32
30 63 33
30 64 34
30 65 35
30 66 36
30 67 37
30 68 38
30 69 39
30 70 40
30 71 41
30 72 42
30 73 43
30 74 44
30 75 45
30 76 46
30 77 47
30 78 48
30 79 49
30 80 50
30 81 51
30 82 52
30 83 53
30 84 54
30 85 55
30 86 56
30 87 57
30 88 58
30 89 59
30 90 60
30 91 61
30 92 62
30 93 63
30 94 64
30 95 65
30 96 66
30 97 67
30 98 68
30 99 69
31 32 1
31 33 2
31 34 3
31 35 4
31 36 5
31 37 6
31 38 7
31 39 8
31 40 9
31 41 10
31 42 11
31 43 12
31 44 13
31 45 14
31 46 15
31 47 16
31 48 17
31 49 18
31 50 19
31 51 20
31 52 21
31 53 22
31 54 23
31 55 24
31 56 25
31 57 26
31 58 27
31 59 28
31 60 29
31 61 30
31 62 31
31 63 32
31 64 33
31 65 34
31 66 35
31 67 36
31 68 37
31 69 38
31 70 39
31 71 40
31 72 41
31 73 42
31 74 43
31 75 44
31 76 45
31 77 46
31 78 47
31 79 48
31 80 49
31 81 50
31 82 51
31 83 52
31 84 53
31 85 54
31 86 55
31 87 56
31 88 57
31 89 58
31 90 59
31 91 60
31 92 61
31 93 62
31 94 63
31 95 64
31 96 65
31 97 66
31 98 67
31 99 68
32 33 1
32 34 2
32 35 3
32 36 4
32 37 5
32 38 6
32 39 7
32 40 8
32 41 9
32 42 10
32 43 11
32 44 12
32 45 13
32 46 14
32 47 15
32 48 16
32 49 17
32 50 18
32 51 19
32 52 20
32 53 21
32 54 22
32 55 23
32 56 24
32 57 25
32 58 26
32 59 27
32 60 28
32 61 29
32 62 30
32 63 31
32 64 32
32 65 33
32 66 34
32 67 35
32 68 36
32 69 37
32 70 38
32 71 39
32 72 40
32 73 41
32 74 42
32 75 43
32 76 44
32 77 45
32 78 46
32 79 47
32 80 48
32 81 49
32 82 50
32 83 51
32 84 52
32 85 53
32 86 54
32 87 55
32 88 56
32 89 57
32 90 58
32 91 59
32 92 60
32 93 61
32 94 62
32 95 63
32 96 64
32 97 65
32 98 66
32 99 67
33 34 1
33 35 2
33 36 3
33 37 4
33 38 5
33 39 6
33 40 7
33 41 8
33 42 9
33 43 10
33 44 11
33 45 12
33 46 13
33 47 14
33 48 15
33 49 16
33 50 17
33 51 18
33 52 19
33 53 20
33 54 21
33 55 22
33 56 23
33 57 24
33 58 25
33 59 26
33 60 27
33 61 28
33 62 29
33 63 30
33 64 31
33 65 32
33 66 33
33 67 34
33 68 35
33 69 36
33 70 37
33 71 38
33 72 39
33 73 40
33 74 41
33 75 42
33 76 43
33 77 44
33 78 45
33 79 46
33 80 47
33 81 48
33 82 49
33 83 50
33 84 51
33 85 52
33 86 53
33 87 54
33 88 55
33 89 56
33 90 57
33 91 58
33 92 59
33 93 60
33 94 61
33 95 62
33 96 63
33 97 64
33 98 65
33 99 66
34 35 1
34 36 2
34 37 3
34 38 4
34 39 5
34 40 6
34 41 7
34 42 8
34 43 9
34 44 10
34 45 11
34 46 12
34 47 13
34 48 14
34 49 15
34 50 16
34 51 17
34 52 18
34 53 19
34 54 20
34 55 21
34 56 22
34 57 23
34 58 24
34 59 25
34 60 26
34 61 27
34 62 28
34 63 29
34 64 30
34 65 31
34 66 32
34 67 33
34 68 34
34 69 35
34 70 36
34 71 37
34 72 38
34 73 39
34 74 40
34 75 41
34 76 42
34 77 43
34 78 44
34 79 45
34 80 46
34 81 47
34 82 48
34 83 49
34 84 50
34 85 51
34 86 52
34 87 53
34 88 54
34 89 55
34 90 56
34 91 57
34 92 58
34 93 59
34 94 60
34 95 61
34 96 62
34 97 63
34 98 64
34 99 65
35 36 1
35 37 2
35 38 3
35 39 4
35 40 5
35 41 6
35 42 7
35 43 8
35 44 9
35 45 10
35 46 11
35 47 12
35 48 13
35 49 14
35 50 15
35 51 16
35 52 17
35 53 18
35 54 19
35 55 20
35 56 21
35 57 22
35 58 23
35 59 24
35 60 25
35 61 26
35 62 27
35 63 28
35 64 29
35 65 30
35 66 31
35 67 32
35 68 33
35 69 34
35 70 35
35 71 36
35 72 37
35 73 38
35 74 39
35 75 40
35 76 41
35 77 42
35 78 43
35 79 44
35 80 45
35 81 46
35 82 47
35 83 48
35 84 49
35 85 50
35 86 51
35 87 52
35 88 53
35 89 54
35 90 55
35 91 56
35 92 57
35 93 58
35 94 59
35 95 60
35 96 61
35 97 62
35 98 63
35 99 64
36 37 1
36 38 2
36 39 3
36 40 4
36 41 5
36 42 6
36 43 7
36 44 8
36 45 9
36 46 10
36 47 11
36 48 12
36 49 13
36 50 14
36 51 15
36 52 16
36 53 17
36 54 18
36 55 19
36 56 20
36 57 21
36 58 22
36 59 23
36 60 24
36 61 25
36 62 26
36 63 27
36 64 28
36 65 29
36 66 30
36 67 31
36 68 32
36 69 33
36 70 34
36 71 35
36 72 36
36 73 37
36 74 38
36 75 39
36 76 40
36 77 41
36 78 42
36 79 43
36 80 44
36 81 45
36 82 46
36 83 47
36 84 48
36 85 49
36 86 50
36 87 51
36 88 52
36 89 53
36 90 54
36 91 55
36 92 56
36 93 57
36 94 58
36 95 59
36 96 60
36 97 61
36 98 62
36 99 63
37 38 1
37 39 2
37 40 3
37 41 4
37 42 5
37 43 6
37 44 7
37 45 8
37 46 9
37 47 10
37 48 11
37 49 12
37 50 13
37 51 14
37 52 15
37 53 16
37 54 17
37 55 18
37 56 19
37 57 20
37 58 21
37 59 22
37 60 23
37 61 24
37 62 25
37 63 26
37 64 27
37 65 28
37 66 29
37 67 30
37 68 31
37 69 32
37 70 33
37 71 34
37 72 35
37 73 36
37 74 37
37 75 38
37 76 39
37 77 40
37 78 41
37 79 42
37 80 43
37 81 44
37 82 45
37 83 46
37 84 47
37 85 48
37 86 49
37 87 50
37 88 51
37 89 52
37 90 53
37 91 54
37 92 55
37 93 56
37 94 57
37 95 58
37 96 59
37 97 60
37 98 61
37 99 62
38 39 1
38 40 2
38 41 3
38 42 4
38 43 5
38 44 6
38 45 7
38 46 8
38 47 9
38 48 10
38 49 11
38 50 12
38 51 13
38 52 14
38 53 15
38 54 16
38 55 17
38 56 18
38 57 19
38 58 20
38 59 21
38 60 22
38 61 23
38 62 24
38 63 25
38 64 26
38 65 27
38 66 28
38 67 29
38 68 30
38 69 31
38 70 32
38 71 33
38 72 34
38 73 35
38 74 36
38 75 37
38 76 38
38 77 39
38 78 40
38 79 41
38 80 42
38 81 43
38 82 44
38 83 45
38 84 46
38 85 47
38 86 48
38 87 49
38 88 50
38 89 51
38 90 52
38 91 53
38 92 54
38 93 55
38 94 56
38 95 57
38 96 58
38 97 59
38 98 60
38 99 61
39 40 1
39 41 2
39 42 3
39 43 4
39 44 5
39 45 6
39 46 7
39 47 8
39 48 9
39 49 10
39 50 11
39 51 12
39 52 13
39 53 14
39 54 15
39 55 16
39 56 17
39 57 18
39 58 19
39 59 20
39 60 21
39 61 22
39 62 23
39 63 24
39 64 25
39 65 26
39 66 27
39 67 28
39 68 29
39 69 30
39 70 31
39 71 32
39 72 33
39 73 34
39 74 35
39 75 36
39 76 37
39 77 38
39 78 39
39 79 40
39 80 41
39 81 42
39 82 43
39 83 44
39 84 45
39 85 46
39 86 47
39 87 48
39 88 49
39 89 50
39 90 51
39 91 52
39 92 53
39 93 54
39 94 55
39 95 56
39 96 57
39 97 58
39 98 59
39 99 60
40 41 1
40 42 2
40 43 3
40 44 4
40 45 5
40 46 6
40 47 7
40 48 8
40 49 9
40 50 10
40 51 11
40 52 12
40 53 13
40 54 14
40 55 15
40 56 16
40 57 17
40 58 18
40 59 19
40 60 20
40 61 21
40 62 22
40 63 23
40 64 24
40 65 25
40 66 26
40 67 27
40 68 28
40 69 29
40 70 30
40 71 31
40 72 32
40 73 33
40 74 34
40 75 35
40 76 36
40 77 37
40 78 38
40 79 39
40 80 40
40 81 41
40 82 42
40 83 43
40 84 44
40 85 45
40 86 46
40 87 47
40 88 48
40 89 49
40 90 50
40 91 51
40 92 52
40 93 53
40 94 54
40 95 55
40 96 56
40 97 57
40 98 58
40 99 59
41 42 1
41 43 2
41 44 3
41 45 4
41 46 5
41 47 6
41 48 7
41 49 8
41 50 9
41 51 10
41 52 11
41 53 12
41 54 13
41 55 14
41 56 15
41 57 16
41 58 17
41 59 18
41 60 19
41 61 20
41 62 21
41 63 22
41 64 23
41 65 24
41 66 25
41 67 26
41 68 27
41 69 28
41 70 29
41 71 30
41 72 31
41 73 32
41 74 33
41 75 34
41 76 35
41 77 36
41 78 37
41 79 38
41 80 39
41 81 40
41 82 41
41 83 42
41 84 43
41 85 44
41 86 45
41 87 46
41 88 47
41 89 48
41 90 49
41 91 50
41 92 51
41 93 52
41 94 53
41 95 54
41 96 55
41 97 56
41 98 57
41 99 58
42 43 1
42 44 2
42 45 3
42 46 4
42 47 5
42 48 6
42 49 7
42 50 8
42 51 9
42 52 10
42 53 11
42 54 12
42 55 13
42 56 14
42 57 15
42 58 16
42 59 17
42 60 18
42 61 19
42 62 20
42 63 21
42 64 22
42 65 23
42 66 24
42 67 25
42 68 26
42 69 27
42 70 28
42 71 29
42 72 30
42 73 31
42 74 32
42 75 33
42 76 34
42 77 35
42 78 36
42 79 37
42 80 38
42 81 39
42 82 40
42 83 41
42 84 42
42 85 43
42 86 44
42 87 45
42 88 46
42 89 47
42 90 48
42 91 49
42 92 50
42 93 51
42 94 52
42 95 53
42 96 54
42 97 55
42 98 56
42 99 57
43 44 1
43 45 2
43 46 3
43 47 4
43 48 5
43 49 6
43 50 7
43 51 8
43 52 9
43 53 10
43 54 11
43 55 12
43 56 13
43 57 14
43 58 15
43 59 16
43 60 17
43 61 18
43 62 19
43 63 20
43 64 21
43 65 22
43 66 23
43 67 24
43 68 25
43 69 26
43 70 27
43 71 28
43 72 29
43 73 30
43 74 31
43 75 32
43 76 33
43 77 34
43 78 35
43 79 36
43 80 37
43 81 38
43 82 39
43 83 40
43 84 41
43 85 42
43 86 43
43 87 44
43 88 45
43 89 46
43 90 47
43 91 48
43 92 49
43 93 50
43 94 51
43 95 52
43 96 53
43 97 54
43 98 55
43 99 56
44 45 1
44 46 2
44 47 3
44 48 4
44 49 5
44 50 6
44 51 7
44 52 8
44 53 9
44 54 10
44 55 11
44 56 12
44 57 13
44 58 14
44 59 15
44 60 16
44 61 17
44 62 18
44 63 19
44 64 20
44 65 21
44 66 22
44 67 23
44 68 24
44 69 25
44 70 26
44 71 27
44 72 28
44 73 29
44 74 30
44 75 31
44 76 32
44 77 33
44 78 34
44 79 35
44 80 36
44 81 37
44 82 38
44 83 39
44 84 40
44 85 41
44 86 42
44 87 43
44 88 44
44 89 45
44 90 46
44 91 47
44 92 48
44 93 49
44 94 50
44 95 51
44 96 52
44 97 53
44 98 54
44 99 55
45 46 1
45 47 2
45 48 3
45 49 4
45 50 5
45 51 6
45 52 7
45 53 8
45 54 9
45 55 10
45 56 11
45 57 12
45 58 13
45 59 14
45 60 15
45 61 16
45 62 17
45 63 18
45 64 19
45 65 20
45 66 21
45 67 22
45 68 23
45 69 24
45 70 25
45 71 26
45 72 27
45 73 28
45 74 29
45 75 30
45 76 31
45 77 32
45 78 33
45 79 34
45 80 35
45 81 36
45 82 37
45 83 38
45 84 39
45 85 40
45 86 41
45 87 42
45 88 43
45 89 44
45 90 45
45 91 46
45 92 47
45 93 48
45 94 49
45 95 50
45 96 51
45 97 52
45 98 53
45 99 54
46 47 1
46 48 2
46 49 3
46 50 4
46 51 5
46 52 6
46 53 7
46 54 8
46 55 9
46 56 10
46 57 11
46 58 12
46 59 13
46 60 14
46 61 15
46 62 16
46 63 17
46 64 18
46 65 19
46 66 20
46 67 21
46 68 22
46 69 23
46 70 24
46 71 25
46 72 26
46 73 27
46 74 28
46 75 29
46 76 30
46 77 31
46 78 32
46 79 33
46 80 34
46 81 35
46 82 36
46 83 37
46 84 38
46 85 39
46 86 40
46 87 41
46 88 42
46 89 43
46 90 44
46 91 45
46 92 46
46 93 47
46 94 48
46 95 49
46 96 50
46 97 51
46 98 52
46 99 53
47 48 1
47 49 2
47 50 3
47 51 4
47 52 5
47 53 6
47 54 7
47 55 8
47 56 9
47 57 10
47 58 11
47 59 12
47 60 13
47 61 14
47 62 15
47 63 16
47 64 17
47 65 18
47 66 19
47 67 20
47 68 21
47 69 22
47 70 23
47 71 24
47 72 25
47 73 26
47 74 27
47 75 28
47 76 29
47 77 30
47 78 31
47 79 32
47 80 33
47 81 34
47 82 35
47 83 36
47 84 37
47 85 38
47 86 39
47 87 40
47 88 41
47 89 42
47 90 43
47 91 44
47 92 45
47 93 46
47 94 47
47 95 48
47 96 49
47 97 50
47 98 51
47 99 52
48 49 1
48 50 2
48 51 3
48 52 4
48 53 5
48 54 6
48 55 7
48 56 8
48 57 9
48 58 10
48 59 11
48 60 12
48 61 13
48 62 14
48 63 15
48 64 16
48 65 17
48 66 18
48 67 19
48 68 20
48 69 21
48 70 22
48 71 23
48 72 24
48 73 25
48 74 26
48 75 27
48 76 28
48 77 29
48 78 30
48 79 31
48 80 32
48 81 33
48 82 34
48 83 35
48 84 36
48 85 37
48 86 38
48 87 39
48 88 40
48 89 41
48 90 42
48 91 43
48 92 44
48 93 45
48 94 46
48 95 47
48 96 48
48 97 49
48 98 50
48 99 51
49 50 1
49 51 2
49 52 3
49 53 4
49 54 5
49 55 6
49 56 7
49 57 8
49 58 9
49 59 10
49 60 11
49 61 12
49 62 13
49 63 14
49 64 15
49 65 16
49 66 17
49 67 18
49 68 19
49 69 20
49 70 21
49 71 22
49 72 23
49 73 24
49 74 25
49 75 26
49 76 27
49 77 28
49 78 29
49 79 30
49 80 31
49 81 32
49 82 33
49 83 34
49 84 35
49 85 36
49 86 37
49 87 38
49 88 39
49 89 40
49 90 41
49 91 42
49 92 43
49 93 44
49 94 45
49 95 46
49 96 47
49 97 48
49 98 49
49 99 50
50 51 1
50 52 2
50 53 3
50 54 4
50 55 5
50 56 6
50 57 7
50 58 8
50 59 9
50 60 10
50 61 11
50 62 12
50 63 13
50 64 14
50 65 15
50 66 16
50 67 17
50 68 18
50 69 19
50 70 20
50 71 21
50 72 22
50 73 23
50 74 24
50 75 25
50 76 26
50 77 27
50 78 28
50 79 29
50 80 30
50 81 31
50 82 32
50 83 33
50 84 34
50 85 35
50 86 36
50 87 37
50 88 38
50 89 39
50 90 40
50 91 41
50 92 42
50 93 43
50 94 44
50 95 45
50 96 46
50 97 47
50 98 48
50 99 49
51 52 1
51 53 2
51 54 3
51 55 4
51 56 5
51 57 6
51 58 7
51 59 8
51 60 9
51 61 10
51 62 11
51 63 12
51 64 13
51 65 14
51 66 15
51 67 16
51 68 17
51 69 18
51 70 19
51 71 20
51 72 21
51 73 22
51 74 23
51 75 24
51 76 25
51 77 26
51 78 27
51 79 28
51 80 29
51 81 30
51 82 31
51 83 32
51 84 33
51 85 34
51 86 35
51 87 36
51 88 37
51 89 38
51 90 39
51 91 40
51 92 41
51 93 42
51 94 43
51 95 44
51 96 45
51 97 46
51 98 47
51 99 48
52 53 1
52 54 2
52 55 3
52 56 4
52 57 5
52 58 6
52 59 7
52 60 8
52 61 9
52 62 10
52 63 11
52 64 12
52 65 13
52 66 14
52 67 15
52 68 16
52 69 17
52 70 18
52 71 19
52 72 20
52 73 21
52 74 22
52 75 23
52 76 24
52 77 25
52 78 26
52 79 27
52 80 28
52 81 29
52 82 30
52 83 31
52 84 32
52 85 33
52 86 34
52 87 35
52 88 36
52 89 37
52 90 38
52 91 39
52 92 40
52 93 41
52 94 42
52 95 43
52 96 44
52 97 45
52 98 46
52 99 47
53 54 1
53 55 2
53 56 3
53 57 4
53 58 5
53 59 6
53 60 7
53 61 8
53 62 9
53 63 10
53 64 11
53 65 12
53 66 13
53 67 14
53 68 15
53 69 16
53 70 17
53 71 18
53 72 19
53 73 20
53 74 21
53 75 22
53 76 23
53 77 24
53 78 25
53 79 26
53 80 27
53 81 28
53 82 29
53 83 30
53 84 31
53 85 32
53 86 33
53 87 34
53 88 35
53 89 36
53 90 37
53 91 38
53 92 39
53 93 40
53 94 41
53 95 42
53 96 43
53 97 44
53 98 45
53 99 46
54 55 1
54 56 2
54 57 3
54 58 4
54 59 5
54 60 6
54 61 7
54 62 8
54 63 9
54 64 10
54 65 11
54 66 12
54 67 13
54 68 14
54 69 15
54 70 16
54 71 17
54 72 18
54 73 19
54 74 20
54 75 21
54 76 22
54 77 23
54 78 24
54 79 25
54 80 26
54 81 27
54 82 28
54 83 29
54 84 30
54 85 31
54 86 32
54 87 33
54 88 34
54 89 35
54 90 36
54 91 37
54 92 38
54 93 39
54 94 40
54 95 41
54 96 42
54 97 43
54 98 44
54 99 45
55 56 1
55 57 2
55 58 3
55 59 4
55 60 5
55 61 6
55 62 7
55 63 8
55 64 9
55 65 10
55 66 11
55 67 12
55 68 13
55 69 14
55 70 15
55 71 16
55 72 17
55 73 18
55 74 19
55 75 20
55 76 21
55 77 22
55 78 23
55 79 24
55 80 25
55 81 26
55 82 27
55 83 28
55 84 29
55 85 30
55 86 31
55 87 32
55 88 33
55 89 34
55 90 35
55 91 36
55 92 37
55 93 38
55 94 39
55 95 40
55 96 41
55 97 42
55 98 43
55 99 44
56 57 1
56 58 2
56 59 3
56 60 4
56 61 5
56 62 6
56 63 7
56 64 8
56 65 9
56 66 10
56 67 11
56 68 12
56 69 13
56 70 14
56 71 15
56 72 16
56 73 17
56 74 18
56 75 19
56 76 20
56 77 21
56 78 22
56 79 23
56 80 24
56 81 25
56 82 26
56 83 27
56 84 28
56 85 29
56 86 30
56 87 31
56 88 32
56 89 33
56 90 34
56 91 35
56 92 36
56 93 37
56 94 38
56 95 39
56 96 40
56 97 41
56 98 42
56 99 43
57 58 1
57 59 2
57 60 3
57 61 4
57 62 5
57 63 6
57 64 7
57 65 8
57 66 9
57 67 10
57 68 11
57 69 12
57 70 13
57 71 14
57 72 15
57 73 16
57 74 17
57 75 18
57 76 19
57 77 20
57 78 21
57 79 22
57 80 23
57 81 24
57 82 25
57 83 26
57 84 27
57 85 28
57 86 29
57 87 30
57 88 31
57 89 32
57 90 33
57 91 34
57 92 35
57 93 36
57 94 37
57 95 38
57 96 39
57 97 40
57 98 41
57 99 42
58 59 1
58 60 2
58 61 3
58 62 4
58 63 5
58 64 6
58 65 7
58 66 8
58 67 9
58 68 10
58 69 11
58 70 12
58 71 13
58 72 14
58 73 15
58 74 16
58 75 17
58 76 18
58 77 19
58 78 20
58 79 21
58 80 22
58 81 23
58 82 24
58 83 25
58 84 26
58 85 27
58 86 28
58 87 29
58 88 30
58 89 31
58 90 32
58 91 33
58 92 34
58 93 35
58 94 36
58 95 37
58 96 38
58 97 39
58 98 40
58 99 41
59 60 1
59 61 2
59 62 3
59 63 4
59 64 5
59 65 6
59 66 7
59 67 8
59 68 9
59 69 10
59 70 11
59 71 12
59 72 13
59 73 14
59 74 15
59 75 16
59 76 17
59 77 18
59 78 19
59 79 20
59 80 21
59 81 22
59 82 23
59 83 24
59 84 25
59 85 26
59 86 27
59 87 28
59 88 29
59 89 30
59 90 31
59 91 32
59 92 33
59 93 34
59 94 35
59 95 36
59 96 37
59 97 38
59 98 39
59 99 40
60 61 1
60 62 2
60 63 3
60 64 4
60 65 5
60 66 6
60 67 7
60 68 8
60 69 9
60 70 10
60 71 11
60 72 12
60 73 13
60 74 14
60 75 15
60 76 16
60 77 17
60 78 18
60 79 19
60 80 20
60 81 21
60 82 22
60 83 23
60 84 24
60 85 25
60 86 26
60 87 27
60 88 28
60 89 29
60 90 30
60 91 31
60 92 32
60 93 33
60 94 34
60 95 35
60 96 36
60 97 37
60 98 38
60 99 39
61 62 1
61 63 2
61 64 3
61 65 4
61 66 5
61 67 6
61 68 7
61 69 8
61 70 9
61 71 10
61 72 11
61 73 12
61 74 13
61 75 14
61 76 15
61 77 16
61 78 17
61 79 18
61 80 19
61 81 20
61 82 21
61 83 22
61 84 23
61 85 24
61 86 25
61 87 26
61 88 27
61 89 28
61 90 29
61 91 30
61 92 31
61 93 32
61 94 33
61 95 34
61 96 35
61 97 36
61 98 37
61 99 38
62 63 1
62 64 2
62 65 3
62 66 4
62 67 5
62 68 6
62 69 7
62 70 8
62 71 9
62 72 10
62 73 11
62 74 12
62 75 13
62 76 14
62 77 15
62 78 16
62 79 17
62 80 18
62 81 19
62 82 20
62 83 21
62 84 22
62 85 23
62 86 24
62 87 25
62 88 26
62 89 27
62 90 28
62 91 29
62 92 30
62 93 31
62 94 32
62 95 33
62 96 34
62 97 35
62 98 36
62 99 37
63 64 1
63 65 2
63 66 3
63 67 4
63 68 5
63 69 6
63 70 7
63 71 8
63 72 9
63 73 10
63 74 11
63 75 12
63 76 13
63 77 14
63 78 15
63 79 16
63 80 17
63 81 18
63 82 19
63 83 20
63 84 21
63 85 22
63 86 23
63 87 24
63 88 25
63 89 26
63 90 27
63 91 28
63 92 29
63 93 30
63 94 31
63 95 32
63 96 33
63 97 34
63 98 35
63 99 36
64 65 1
64 66 2
64 67 3
64 68 4
64 69 5
64 70 6
64 71 7
64 72 8
64 73 9
64 74 10
64 75 11
64 76 12
64 77 13
64 78 14
64 79 15
64 80 16
64 81 17
64 82 18
64 83 19
64 84 20
64 85 21
64 86 22
64 87 23
64 88 24
64 89 25
64 90 26
64 91 27
64 92 28
64 93 29
64 94 30
64 95 31
64 96 32
64 97 33
64 98 34
64 99 35
65 66 1
65 67 2
65 68 3
65 69 4
65 70 5
65 71 6
65 72 7
65 73 8
65 74 9
65 75 10
65 76 11
65 77 12
65 78 13
65 79 14
65 80 15
65 81 16
65 82 17
65 83 18
65 84 19
65 85 20
65 86 21
65 87 22
65 88 23
65 89 24
65 90 25
65 91 26
65 92 27
65 93 28
65 94 29
65 95 30
65 96 31
65 97 32
65 98 33
65 99 34
66 67 1
66 68 2
66 69 3
66 70 4
66 71 5
66 72 6
66 73 7
66 74 8
66 75 9
66 76 10
66 77 11
66 78 12
66 79 13
66 80 14
66 81 15
66 82 16
66 83 17
66 84 18
66 85 19
66 86 20
66 87 21
66 88 22
66 89 23
66 90 24
66 91 25
66 92 26
66 93 27
66 94 28
66 95 29
66 96 30
66 97 31
66 98 32
66 99 33
67 68 1
67 69 2
67 70 3
67 71 4
67 72 5
67 73 6
67 74 7
67 75 8
67 76 9
67 77 10
67 78 11
67 79 12
67 80 13
67 81 14
67 82 15
67 83 16
67 84 17
67 85 18
67 86 19
67 87 20
67 88 21
67 89 22
67 90 23
67 91 24
67 92 25
67 93 26
67 94 27
67 95 28
67 96 29
67 97 30
67 98 31
67 99 32
68 69 1
68 70 2
68 71 3
68 72 4
68 73 5
68 74 6
68 75 7
68 76 8
68 77 9
68 78 10
68 79 11
68 80 12
68 81 13
68 82 14
68 83 15
68 84 16
68 85 17
68 86 18
68 87 19
68 88 20
68 89 21
68 90 22
68 91 23
68 92 24
68 93 25
68 94 26
68 95 27
68 96 28
68 97 29
68 98 30
68 99 31
69 70 1
69 71 2
69 72 3
69 73 4
69 74 5
69 75 6
69 76 7
69 77 8
69 78 9
69 79 10
69 80 11
69 81 12
69 82 13
69 83 14
69 84 15
69 85 16
69 86 17
69 87 18
69 88 19
69 89 20
69 90 21
69 91 22
69 92 23
69 93 24
69 94 25
69 95 26
69 96 27
69 97 28
69 98 29
69 99 30
70 71 1
70 72 2
70 73 3
70 74 4
70 75 5
70 76 6
70 77 7
70 78 8
70 79 9
70 80 10
70 81 11
70 82 12
70 83 13
70 84 14
70 85 15
70 86 16
70 87 17
70 88 18
70 89 19
70 90 20
70 91 21
70 92 22
70 93 23
70 94 24
70 95 25
70 96 26
70 97 27
70 98 28
70 99 29
71 72 1
71 73 2
71 74 3
71 75 4
71 76 5
71 77 6
71 78 7
71 79 8
71 80 9
71 81 10
71 82 11
71 83 12
71 84 13
71 85 14
71 86 15
71 87 16
71 88 17
71 89 18
71 90 19
71 91 20
71 92 21
71 93 22
71 94 23
71 95 24
71 96 25
71 97 26
71 98 27
71 99 28
72 73 1
72 74 2
72 75 3
72 76 4
72 77 5
72 78 6
72 79 7
72 80 8
72 81 9
72 82 10
72 83 11
72 84 12
72 85 13
72 86 14
72 87 15
72 88 16
72 89 17
72 90 18
72 91 19
72 92 20
72 93 21
72 94 22
72 95 23
72 96 24
72 97 25
72 98 26
72 99 27
73 74 1
73 75 2
73 76 3
73 77 4
73 78 5
73 79 6
73 80 7
73 81 8
73 82 9
73 83 10
73 84 11
73 85 12
73 86 13
73 87 14
73 88 15
73 89 16
73 90 17
73 91 18
73 92 19
73 93 20
73 94 21
73 95 22
73 96 23
73 97 24
73 98 25
73 99 26
74 75 1
74 76 2
74 77 3
74 78 4
74 79 5
74 80 6
74 81 7
74 82 8
74 83 9
74 84 10
74 85 11
74 86 12
74 87 13
74 88 14
74 89 15
74 90 16
74 91 17
74 92 18
74 93 19
74 94 20
74 95 21
74 96 22
74 97 23
74 98 24
74 99 25
75 76 1
75 77 2
75 78 3
75 79 4
75 80 5
75 81 6
75 82 7
75 83 8
75 84 9
75 85 10
75 86 11
75 87 12
75 88 13
75 89 14
75 90 15
75 91 16
75 92 17
75 93 18
75 94 19
75 95 20
75 96 21
75 97 22
75 98 23
75 99 24
76 77 1
76 78 2
76 79 3
76 80 4
76 81 5
76 82 6
76 83 7
76 84 8
76 85 9
76 86 10
76 87 11
76 88 12
76 89 13
76 90 14
76 91 15
76 92 16
76 93 17
76 94 18
76 95 19
76 96 20
76 97 21
76 98 22
76 99 23
77 78 1
77 79 2
77 80 3
77 81 4
77 82 5
77 83 6
77 84 7
77 85 8
77 86 9
77 87 10
77 88 11
77 89 12
77 90 13
77 91 14
77 92 15
77 93 16
77 94 17
77 95 18
77 96 19
77 97 20
77 98 21
77 99 22
78 79 1
78 80 2
78 81 3
78 82 4
78 83 5
78 84 6
78 85 7
78 86 8
78 87 9
78 88 10
78 89 11
78 90 12
78 91 13
78 92 14
78 93 15
78 94 16
78 95 17
78 96 18
78 97 19
78 98 20
78 99 21
79 80 1
79 81 2
79 82 3
79 83 4
79 84 5
79 85 6
79 86 7
79 87 8
79 88 9
79 89 10
79 90 11
79 91 12
79 92 13
79 93 14
79 94 15
79 95 16
79 96 17
79 97 18
79 98 19
79 99 20
80 81 1
80 82 2
80 83 3
80 84 4
80 85 5
80 86 6
80 87 7
80 88 8
80 89 9
80 90 10
80 91 11
80 92 12
80 93 13
80 94 14
80 95 15
80 96 16
80 97 17
80 98 18
80 99 19
81 82 1
81 83 2
81 84 3
81 85 4
81 86 5
81 87 6
81 88 7
81 89 8
81 90 9
81 91 10
81 92 11
81 93 12
81 94 13
81 95 14
81 96 15
81 97 16
81 98 17
81 99 18
82 83 1
82 84 2
82 85 3
82 86 4
82 87 5
82 88 6
82 89 7
82 90 8
82 91 9
82 92 10
82 93 11
82 94 12
82 95 13
82 96 14
82 97 15
82 98 16
82 99 17
83 84 1
83 85 2
83 86 3
83 87 4
83 88 5
83 89 6
83 90 7
83 91 8
83 92 9
83 93 10
83 94 11
83 95 12
83 96 13
83 97 14
83 98 15
83 99 16
84 85 1
84 86 2
84 87 3
84 88 4
84 89 5
84 90 6
84 91 7
84 92 8
84 93 9
84 94 10
84 95 11
84 96 12
84 97 13
84 98 14
84 99 15
85 86 1
85 87 2
85 88 3
85 89 4
85 90 5
85 91 6
85 92 7
85 93 8
85 94 9
85 95 10
85 96 11
85 97 12
85 98 13
85 99 14
86 87 1
86 88 2
86 89 3
86 90 4
86 91 5
86 92 6
86 93 7
86 94 8
86 95 9
86 96 10
86 97 11
86 98 12
86 99 13
87 88 1
87 89 2
87 90 3
87 91 4
87 92 5
87 93 6
87 94 7
87 95 8
87 96 9
87 97 10
87 98 11
87 99 12
88 89 1
88 90 2
88 91 3
88 92 4
88 93 5
88 94 6
88 95 7
88 96 8
88 97 9
88 98 10
88 99 11
89 90 1
89 91 2
89 92 3
89 93 4
89 94 5
89 95 6
89 96 7
89 97 8
89 98 9
89 99 10
90 91 1
90 92 2
90 93 3
90 94 4
90 95 5
90 96 6
90 97 7
90 98 8
90 99 9
91 92 1
91 93 2
91 94 3
91 95 4
91 96 5
91 97 6
91 98 7
91 99 8
92 93 1
92 94 2
92 95 3
92 96 4
92 97 5
92 98 6
92 99 7
93 94 1
93 95 2
93 96 3
93 97 4
93 98 5
93 99 6
94 95 1
94 96 2
94 97 3
94 98 4
94 99 5
95 96 1
95 97 2
95 98 3
95 99 4
96 97 1
96 98 2
96 99 3
97 98 1
97 99 2
98 99 1
1 0 99
2 0 98
2 1 99
3 0 97
3 1 98
3 2 99
4 0 96
4 1 97
4 2 98
4 3 99
5 0 95
5 1 96
5 2 97
5 3 98
5 4 99
6 0 94
6 1 95
6 2 96
6 3 97
6 4 98
6 5 99
7 0 93
7 1 94
7 2 95
7 3 96
7 4 97
7 5 98
7 6 99
8 0 92
8 1 93
8 2 94
8 3 95
8 4 96
8 5 97
8 6 98
8 7 99
9 0 91
9 1 92
9 2 93
9 3 94
9 4 95
9 5 96
9 6 97
9 7 98
9 8 99
10 0 90
10 1 91
10 2 92
10 3 93
10 4 94
10 5 95
10 6 96
10 7 97
10 8 98
10 9 99
11 0 89
11 1 90
11 2 91
11 3 92
11 4 93
11 5 94
11 6 95
11 7 96
11 8 97
11 9 98
11 10 99
12 0 88
12 1 89
12 2 90
12 3 91
12 4 92
12 5 93
12 6 94
12 7 95
12 8 96
12 9 97
12 10 98
12 11 99
13 0 87
13 1 88
13 2 89
13 3 90
13 4 91
13 5 92
13 6 93
13 7 94
13 8 95
13 9 96
13 10 97
13 11 98
13 12 99
14 0 86
14 1 87
14 2 88
14 3 89
14 4 90
14 5 91
14 6 92
14 7 93
14 8 94
14 9 95
14 10 96
14 11 97
14 12 98
14 13 99
15 0 85
15 1 86
15 2 87
15 3 88
15 4 89
15 5 90
15 6 91
15 7 92
15 8 93
15 9 94
15 10 95
15 11 96
15 12 97
15 13 98
15 14 99
16 0 84
16 1 85
16 2 86
16 3 87
16 4 88
16 5 89
16 6 90
16 7 91
16 8 92
16 9 93
16 10 94
16 11 95
16 12 96
16 13 97
16 14 98
16 15 99
17 0 83
17 1 84
17 2 85
17 3 86
17 4 87
17 5 88
17 6 89
17 7 90
17 8 91
17 9 92
17 10 93
17 11 94
17 12 95
17 13 96
17 14 97
17 15 98
17 16 99
18 0 82
18 1 83
18 2 84
18 3 85
18 4 86
18 5 87
18 6 88
18 7 89
18 8 90
18 9 91
18 10 92
18 11 93
18 12 94
18 13 95
18 14 96
18 15 97
18 16 98
18 17 99
19 0 81
19 1 82
19 2 83
19 3 84
19 4 85
19 5 86
19 6 87
19 7 88
19 8 89
19 9 90
19 10 91
19 11 92
19 12 93
19 13 94
19 14 95
19 15 96
19 16 97
19 17 98
19 18 99
20 0 80
20 1 81
20 2 82
20 3 83
20 4 84
20 5 85
20 6 86
20 7 87
20 8 88
20 9 89
20 10 90
20 11 91
20 12 92
20 13 93
20 14 94
20 15 95
20 16 96
20 17 97
20 18 98
20 19 99
21 0 79
21 1 80
21 2 81
21 3 82
21 4 83
21 5 84
21 6 85
21 7 86
21 8 87
21 9 88
21 10 89
21 11 90
21 12 91
21 13 92
21 14 93
21 15 94
21 16 95
21 17 96
21 18 97
21 19 98
21 20 99
22 0 78
22 1 79
22 2 80
22 3 81
22 4 82
22 5 83
22 6 84
22 7 85
22 8 86
22 9 87
22 10 88
22 11 89
22 12 90
22 13 91
22 14 92
22 15 93
22 16 94
22 17 95
22 18 96
22 19 97
22 20 98
22 21 99
23 0 77
23 1 78
23 2 79
23 3 80
23 4 81
23 5 82
23 6 83
23 7 84
23 8 85
23 9 86
23 10 87
23 11 88
23 12 89
23 13 90
23 14 91
23 15 92
23 16 93
23 17 94
23 18 95
23 19 96
23 20 97
23 21 98
23 22 99
24 0 76
24 1 77
24 2 78
24 3 79
24 4 80
24 5 81
24 6 82
24 7 83
24 8 84
24 9 85
24 10 86
24 11 87
24 12 88
24 13 89
24 14 90
24 15 91
24 16 92
24 17 93
24 18 94
24 19 95
24 20 96
24 21 97
24 22 98
24 23 99
25 0 75
25 1 76
25 2 77
25 3 78
25 4 79
25 5 80
25 6 81
25 7 82
25 8 83
25 9 84
25 10 85
25 11 86
25 12 87
25 13 88
25 14 89
25 15 90
25 16 91
25 17 92
25 18 93
25 19 94
25 20 95
25 21 96
25 22 97
25 23 98
25 24 99
26 0 74
26 1 75
26 2 76
26 3 77
26 4 78
26 5 79
26 6 80
26 7 81
26 8 82
26 9 83
26 10 84
26 11 85
26 12 86
26 13 87
26 14 88
26 15 89
26 16 90
26 17 91
26 18 92
26 19 93
26 20 94
26 21 95
26 22 96
26 23 97
26 24 98
26 25 99
27 0 73
27 1 74
27 2 75
27 3 76
27 4 77
27 5 78
27 6 79
27 7 80
27 8 81
27 9 82
27 10 83
27 11 84
27 12 85
27 13 86
27 14 87
27 15 88
27 16 89
27 17 90
27 18 91
27 19 92
27 20 93
27 21 94
27 22 95
27 23 96
27 24 97
27 25 98
27 26 99
28 0 72
28 1 73
28 2 74
28 3 75
28 4 76
28 5 77
28 6 78
28 7 79
28 8 80
28 9 81
28 10 82
28 11 83
28 12 84
28 13 85
28 14 86
28 15 87
28 16 88
28 17 89
28 18 90
28 19 91
28 20 92
28 21 93
28 22 94
28 23 95
28 24 96
28 25 97
28 26 98
28 27 99
29 0 71
29 1 72
29 2 73
29 3 74
29 4 75
29 5 76
29 6 77
29 7 78
29 8 79
29 9 80
29 10 81
29 11 82
29 12 83
29 13 84
29 14 85
29 15 86
29 16 87
29 17 88
29 18 89
29 19 90
29 20 91
29 21 92
29 22 93
29 23 94
29 24 95
29 25 96
29 26 97
29 27 98
29 28 99
30 0 70
30 1 71
30 2 72
30 3 73
30 4 74
30 5 75
30 6 76
30 7 77
30 8 78
30 9 79
30 10 80
30 11 81
30 12 82
30 13 83
30 14 84
30 15 85
30 16 86
30 17 87
30 18 88
30 19 89
30 20 90
30 21 91
30 22 92
30 23 93
30 24 94
30 25 95
30 26 96
30 27 97
30 28 98
30 29 99
31 0 69
31 1 70
31 2 71
31 3 72
31 4 73
31 5 74
31 6 75
31 7 76
31 8 77
31 9 78
31 10 79
31 11 80
31 12 81
31 13 82
31 14 83
31 15 84
31 16 85
31 17 86
31 18 87
31 19 88
31 20 89
31 21 90
31 22 91
31 23 92
31 24 93
31 25 94
31 26 95
31 27 96
31 28 97
31 29 98
31 30 99
32 0 68
32 1 69
32 2 70
32 3 71
32 4 72
32 5 73
32 6 74
32 7 75
32 8 76
32 9 77
32 10 78
32 11 79
32 12 80
32 13 81
32 14 82
32 15 83
32 16 84
32 17 85
32 18 86
32 19 87
32 20 88
32 21 89
32 22 90
32 23 91
32 24 92
32 25 93
32 26 94
32 27 95
32 28 96
32 29 97
32 30 98
32 31 99
33 0 67
33 1 68
33 2 69
33 3 70
33 4 71
33 5 72
33 6 73
33 7 74
33 8 75
33 9 76
33 10 77
33 11 78
33 12 79
33 13 80
33 14 81
33 15 82
33 16 83
33 17 84
33 18 85
33 19 86
33 20 87
33 21 88
33 22 89
33 23 90
33 24 91
33 25 92
33 26 93
33 27 94
33 28 95
33 29 96
33 30 97
33 31 98
33 32 99
34 0 66
34 1 67
34 2 68
34 3 69
34 4 70
34 5 71
34 6 72
34 7 73
34 8 74
34 9 75
34 10 76
34 11 77
34 12 78
34 13 79
34 14 80
34 15 81
34 16 82
34 17 83
34 18 84
34 19 85
34 20 86
34 21 87
34 22 88
34 23 89
34 24 90
34 25 91
34 26 92
34 27 93
34 28 94
34 29 95
34 30 96
34 31 97
34 32 98
34 33 99
35 0 65
35 1 66
35 2 67
35 3 68
35 4 69
35 5 70
35 6 71
35 7 72
35 8 73
35 9 74
35 10 75
35 11 76
35 12 77
35 13 78
35 14 79
35 15 80
35 16 81
35 17 82
35 18 83
35 19 84
35 20 85
35 21 86
35 22 87
35 23 88
35 24 89
35 25 90
35 26 91
35 27 92
35 28 93
35 29 94
35 30 95
35 31 96
35 32 97
35 33 98
35 34 99
36 0 64
36 1 65
36 2 66
36 3 67
36 4 68
36 5 69
36 6 70
36 7 71
36 8 72
36 9 73
36 10 74
36 11 75
36 12 76
36 13 77
36 14 78
36 15 79
36 16 80
36 17 81
36 18 82
36 19 83
36 20 84
36 21 85
36 22 86
36 23 87
36 24 88
36 25 89
36 26 90
36 27 91
36 28 92
36 29 93
36 30 94
36 31 95
36 32 96
36 33 97
36 34 98
36 35 99
37 0 63
37 1 64
37 2 65
37 3 66
37 4 67
37 5 68
37 6 69
37 7 70
37 8 71
37 9 72
37 10 73
37 11 74
37 12 75
37 13 76
37 14 77
37 15 78
37 16 79
37 17 80
37 18 81
37 19 82
37 20 83
37 21 84
37 22 85
37 23 86
37 24 87
37 25 88
37 26 89
37 27 90
37 28 91
37 29 92
37 30 93
37 31 94
37 32 95
37 33 96
37 34 97
37 35 98
37 36 99
38 0 62
38 1 63
38 2 64
38 3 65
38 4 66
38 5 67
38 6 68
38 7 69
38 8 70
38 9 71
38 10 72
38 11 73
38 12 74
38 13 75
38 14 76
38 15 77
38 16 78
38 17 79
38 18 80
38 19 81
38 20 82
38 21 83
38 22 84
38 23 85
38 24 86
38 25 87
38 26 88
38 27 89
38 28 90
38 29 91
38 30 92
38 31 93
38 32 94
38 33 95
38 34 96
38 35 97
38 36 98
38 37 99
39 0 61
39 1 62
39 2 63
39 3 64
39 4 65
39 5 66
39 6 67
39 7 68
39 8 69
39 9 70
39 10 71
39 11 72
39 12 73
39 13 74
39 14 75
39 15 76
39 16 77
39 17 78
39 18 79
39 19 80
39 20 81
39 21 82
39 22 83
39 23 84
39 24 85
39 25 86
39 26 87
39 27 88
39 28 89
39 29 90
39 30 91
39 31 92
39 32 93
39 33 94
39 34 95
39 35 96
39 36 97
39 37 98
39 38 99
40 0 60
40 1 61
40 2 62
40 3 63
40 4 64
40 5 65
40 6 66
40 7 67
40 8 68
40 9 69
40 10 70
40 11 71
40 12 72
40 13 73
40 14 74
40 15 75
40 16 76
40 17 77
40 18 78
40 19 79
40 20 80
40 21 81
40 22 82
40 23 83
40 24 84
40 25 85
40 26 86
40 27 87
40 28 88
40 29 89
40 30 90
40 31 91
40 32 92
40 33 93
40 34 94
40 35 95
40 36 96
40 37 97
40 38 98
40 39 99
41 0 59
41 1 60
41 2 61
41 3 62
41 4 63
41 5 64
41 6 65
41 7 66
41 8 67
41 9 68
41 10 69
41 11 70
41 12 71
41 13 72
41 14 73
41 15 74
41 16 75
41 17 76
41 18 77
41 19 78
41 20 79
41 21 80
41 22 81
41 23 82
41 24 83
41 25 84
41 26 85
41 27 86
41 28 87
41 29 88
41 30 89
41 31 90
41 32 91
41 33 92
41 34 93
41 35 94
41 36 95
41 37 96
41 38 97
41 39 98
41 40 99
42 0 58
42 1 59
42 2 60
42 3 61
42 4 62
42 5 63
42 6 64
42 7 65
42 8 66
42 9 67
42 10 68
42 11 69
42 12 70
42 13 71
42 14 72
42 15 73
42 16 74
42 17 75
42 18 76
42 19 77
42 20 78
42 21 79
42 22 80
42 23 81
42 24 82
42 25 83
42 26 84
42 27 85
42 28 86
42 29 87
42 30 88
42 31 89
42 32 90
42 33 91
42 34 92
42 35 93
42 36 94
42 37 95
42 38 96
42 39 97
42 40 98
42 41 99
43 0 57
43 1 58
43 2 59
43 3 60
43 4 61
43 5 62
43 6 63
43 7 64
43 8 65
43 9 66
43 10 67
43 11 68
43 12 69
43 13 70
43 14 71
43 15 72
43 16 73
43 17 74
43 18 75
43 19 76
43 20 77
43 21 78
43 22 79
43 23 80
43 24 81
43 25 82
43 26 83
43 27 84
43 28 85
43 29 86
43 30 87
43 31 88
43 32 89
43 33 90
43 34 91
43 35 92
43 36 93
43 37 94
43 38 95
43 39 96
43 40 97
43 41 98
43 42 99
44 0 56
44 1 57
44 2 58
44 3 59
44 4 60
44 5 61
44 6 62
44 7 63
44 8 64
44 9 65
44 10 66
44 11 67
44 12 68
44 13 69
44 14 70
44 15 71
44 16 72
44 17 73
44 18 74
44 19 75
44 20 76
44 21 77
44 22 78
44 23 79
44 24 80
44 25 81
44 26 82
44 27 83
44 28 84
44 29 85
44 30 86
44 31 87
44 32 88
44 33 89
44 34 90
44 35 91
44 36 92
44 37 93
44 38 94
44 39 95
44 40 96
44 41 97
44 42 98
44 43 99
45 0 55
45 1 56
45 2 57
45 3 58
45 4 59
45 5 60
45 6 61
45 7 62
45 8 63
45 9 64
45 10 65
45 11 66
45 12 67
45 13 68
45 14 69
45 15 70
45 16 71
45 17 72
45 18 73
45 19 74
45 20 75
45 21 76
45 22 77
45 23 78
45 24 79
45 25 80
45 26 81
45 27 82
45 28 83
45 29 84
45 30 85
45 31 86
45 32 87
45 33 88
45 34 89
45 35 90
45 36 91
45 37 92
45 38 93
45 39 94
45 40 95
45 41 96
45 42 97
45 43 98
45 44 99
46 0 54
46 1 55
46 2 56
46 3 57
46 4 58
46 5 59
46 6 60
46 7 61
46 8 62
46 9 63
46 10 64
46 11 65
46 12 66
46 13 67
46 14 68
46 15 69
46 16 70
46 17 71
46 18 72
46 19 73
46 20 74
46 21 75
46 22 76
46 23 77
46 24 78
46 25 79
46 26 80
46 27 81
46 28 82
46 29 83
46 30 84
46 31 85
46 32 86
46 33 87
46 34 88
46 35 89
46 36 90
46 37 91
46 38 92
46 39 93
46 40 94
46 41 95
46 42 96
46 43 97
46 44 98
46 45 99
47 0 53
47 1 54
47 2 55
47 3 56
47 4 57
47 5 58
47 6 59
47 7 60
47 8 61
47 9 62
47 10 63
47 11 64
47 12 65
47 13 66
47 14 67
47 15 68
47 16 69
47 17 70
47 18 71
47 19 72
47 20 73
47 21 74
47 22 75
47 23 76
47 24 77
47 25 78
47 26 79
47 27 80
47 28 81
47 29 82
47 30 83
47 31 84
47 32 85
47 33 86
47 34 87
47 35 88
47 36 89
47 37 90
47 38 91
47 39 92
47 40 93
47 41 94
47 42 95
47 43 96
47 44 97
47 45 98
47 46 99
48 0 52
48 1 53
48 2 54
48 3 55
48 4 56
48 5 57
48 6 58
48 7 59
48 8 60
48 9 61
48 10 62
48 11 63
48 12 64
48 13 65
48 14 66
48 15 67
48 16 68
48 17 69
48 18 70
48 19 71
48 20 72
48 21 73
48 22 74
48 23 75
48 24 76
48 25 77
48 26 78
48 27 79
48 28 80
48 29 81
48 30 82
48 31 83
48 32 84
48 33 85
48 34 86
48 35 87
48 36 88
48 37 89
48 38 90
48 39 91
48 40 92
48 41 93
48 42 94
48 43 95
48 44 96
48 45 97
48 46 98
48 47 99
49 0 51
49 1 52
49 2 53
49 3 54
49 4 55
49 5 56
49 6 57
49 7 58
49 8 59
49 9 60
49 10 61
49 11 62
49 12 63
49 13 64
49 14 65
49 15 66
49 16 67
49 17 68
49 18 69
49 19 70
49 20 71
49 21 72
49 22 73
49 23 74
49 24 75
49 25 76
49 26 77
49 27 78
49 28 79
49 29 80
49 30 81
49 31 82
49 32 83
49 33 84
49 34 85
49 35 86
49 36 87
49 37 88
49 38 89
49 39 90
49 40 91
49 41 92
49 42 93
49 43 94
49 44 95
49 45 96
49 46 97
49 47 98
49 48 99
50 0 50
50 1 51
50 2 52
50 3 53
50 4 54
50 5 55
50 6 56
50 7 57
50 8 58
50 9 59
50 10 60
50 11 61
50 12 62
50 13 63
50 14 64
50 15 65
50 16 66
50 17 67
50 18 68
50 19 69
50 20 70
50 21 71
50 22 72
50 23 73
50 24 74
50 25 75
50 26 76
50 27 77
50 28 78
50 29 79
50 30 80
50 31 81
50 32 82
50 33 83
50 34 84
50 35 85
50 36 86
50 37 87
50 38 88
50 39 89
50 40 90
50 41 91
50 42 92
50 43 93
50 44 94
50 45 95
50 46 96
50 47 97
50 48 98
50 49 99
51 0 49
51 1 50
51 2 51
51 3 52
51 4 53
51 5 54
51 6 55
51 7 56
51 8 57
51 9 58
51 10 59
51 11 60
51 12 61
51 13 62
51 14 63
51 15 64
51 16 65
51 17 66
51 18 67
51 19 68
51 20 69
51 21 70
51 22 71
51 23 72
51 24 73
51 25 74
51 26 75
51 27 76
51 28 77
51 29 78
51 30 79
51 31 80
51 32 81
51 33 82
51 34 83
51 35 84
51 36 85
51 37 86
51 38 87
51 39 88
51 40 89
51 41 90
51 42 91
51 43 92
51 44 93
51 45 94
51 46 95
51 47 96
51 48 97
51 49 98
51 50 99
52 0 48
52 1 49
52 2 50
52 3 51
52 4 52
52 5 53
52 6 54
52 7 55
52 8 56
52 9 57
52 10 58
52 11 59
52 12 60
52 13 61
52 14 62
52 15 63
52 16 64
52 17 65
52 18 66
52 19 67
52 20 68
52 21 69
52 22 70
52 23 71
52 24 72
52 25 73
52 26 74
52 27 75
52 28 76
52 29 77
52 30 78
52 31 79
52 32 80
52 33 81
52 34 82
52 35 83
52 36 84
52 37 85
52 38 86
52 39 87
52 40 88
52 41 89
52 42 90
52 43 91
52 44 92
52 45 93
52 46 94
52 47 95
52 48 96
52 49 97
52 50 98
52 51 99
53 0 47
53 1 48
53 2 49
53 3 50
53 4 51
53 5 52
53 6 53
53 7 54
53 8 55
53 9 56
53 10 57
53 11 58
53 12 59
53 13 60
53 14 61
53 15 62
53 16 63
53 17 64
53 18 65
53 19 66
53 20 67
53 21 68
53 22 69
53 23 70
53 24 71
53 25 72
53 26 73
53 27 74
53 28 75
53 29 76
53 30 77
53 31 78
53 32 79
53 33 80
53 34 81
53 35 82
53 36 83
53 37 84
53 38 85
53 39 86
53 40 87
53 41 88
53 42 89
53 43 90
53 44 91
53 45 92
53 46 93
53 47 94
53 48 95
53 49 96
53 50 97
53 51 98
53 52 99
54 0 46
54 1 47
54 2 48
54 3 49
54 4 50
54 5 51
54 6 52
54 7 53
54 8 54
54 9 55
54 10 56
54 11 57
54 12 58
54 13 59
54 14 60
54 15 61
54 16 62
54 17 63
54 18 64
54 19 65
54 20 66
54 21 67
54 22 68
54 23 69
54 24 70
54 25 71
54 26 72
54 27 73
54 28 74
54 29 75
54 30 76
54 31 77
54 32 78
54 33 79
54 34 80
54 35 81
54 36 82
54 37 83
54 38 84
54 39 85
54 40 86
54 41 87
54 42 88
54 43 89
54 44 90
54 45 91
54 46 92
54 47 93
54 48 94
54 49 95
54 50 96
54 51 97
54 52 98
54 53 99
55 0 45
55 1 46
55 2 47
55 3 48
55 4 49
55 5 50
55 6 51
55 7 52
55 8 53
55 9 54
55 10 55
55 11 56
55 12 57
55 13 58
55 14 59
55 15 60
55 16 61
55 17 62
55 18 63
55 19 64
55 20 65
55 21 66
55 22 67
55 23 68
55 24 69
55 25 70
55 26 71
55 27 72
55 28 73
55 29 74
55 30 75
55 31 76
55 32 77
55 33 78
55 34 79
55 35 80
55 36 81
55 37 82
55 38 83
55 39 84
55 40 85
55 41 86
55 42 87
55 43 88
55 44 89
55 45 90
55 46 91
55 47 92
55 48 93
55 49 94
55 50 95
55 51 96
55 52 97
55 53 98
55 54 99
56 0 44
56 1 45
56 2 46
56 3 47
56 4 48
56 5 49
56 6 50
56 7 51
56 8 52
56 9 53
56 10 54
56 11 55
56 12 56
56 13 57
56 14 58
56 15 59
56 16 60
56 17 61
56 18 62
56 19 63
56 20 64
56 21 65
56 22 66
56 23 67
56 24 68
56 25 69
56 26 70
56 27 71
56 28 72
56 29 73
56 30 74
56 31 75
56 32 76
56 33 77
56 34 78
56 35 79
56 36 80
56 37 81
56 38 82
56 39 83
56 40 84
56 41 85
56 42 86
56 43 87
56 44 88
56 45 89
56 46 90
56 47 91
56 48 92
56 49 93
56 50 94
56 51 95
56 52 96
56 53 97
56 54 98
56 55 99
57 0 43
57 1 44
57 2 45
57 3 46
57 4 47
57 5 48
57 6 49
57 7 50
57 8 51
57 9 52
57 10 53
57 11 54
57 12 55
57 13 56
57 14 57
57 15 58
57 16 59
57 17 60
57 18 61
57 19 62
57 20 63
57 21 64
57 22 65
57 23 66
57 24 67
57 25 68
57 26 69
57 27 70
57 28 71
57 29 72
57 30 73
57 31 74
57 32 75
57 33 76
57 34 77
57 35 78
57 36 79
57 37 80
57 38 81
57 39 82
57 40 83
57 41 84
57 42 85
57 43 86
57 44 87
57 45 88
57 46 89
57 47 90
57 48 91
57 49 92
57 50 93
57 51 94
57 52 95
57 53 96
57 54 97
57 55 98
57 56 99
58 0 42
58 1 43
58 2 44
58 3 45
58 4 46
58 5 47
58 6 48
58 7 49
58 8 50
58 9 51
58 10 52
58 11 53
58 12 54
58 13 55
58 14 56
58 15 57
58 16 58
58 17 59
58 18 60
58 19 61
58 20 62
58 21 63
58 22 64
58 23 65
58 24 66
58 25 67
58 26 68
58 27 69
58 28 70
58 29 71
58 30 72
58 31 73
58 32 74
58 33 75
58 34 76
58 35 77
58 36 78
58 37 79
58 38 80
58 39 81
58 40 82
58 41 83
58 42 84
58 43 85
58 44 86
58 45 87
58 46 88
58 47 89
58 48 90
58 49 91
58 50 92
58 51 93
58 52 94
58 53 95
58 54 96
58 55 97
58 56 98
58 57 99
59 0 41
59 1 42
59 2 43
59 3 44
59 4 45
59 5 46
59 6 47
59 7 48
59 8 49
59 9 50
59 10 51
59 11 52
59 12 53
59 13 54
59 14 55
59 15 56
59 16 57
59 17 58
59 18 59
59 19 60
59 20 61
59 21 62
59 22 63
59 23 64
59 24 65
59 25 66
59 26 67
59 27 68
59 28 69
59 29 70
59 30 71
59 31 72
59 32 73
59 33 74
59 34 75
59 35 76
59 36 77
59 37 78
59 38 79
59 39 80
59 40 81
59 41 82
59 42 83
59 43 84
59 44 85
59 45 86
59 46 87
59 47 88
59 48 89
59 49 90
59 50 91
59 51 92
59 52 93
59 53 94
59 54 95
59 55 96
59 56 97
59 57 98
59 58 99
60 0 40
60 1 41
60 2 42
60 3 43
60 4 44
60 5 45
60 6 46
60 7 47
60 8 48
60 9 49
60 10 50
60 11 51
60 12 52
60 13 53
60 14 54
60 15 55
60 16 56
60 17 57
60 18 58
60 19 59
60 20 60
60 21 61
60 22 62
60 23 63
60 24 64
60 25 65
60 26 66
60 27 67
60 28 68
60 29 69
60 30 70
60 31 71
60 32 72
60 33 73
60 34 74
60 35 75
60 36 76
60 37 77
60 38 78
60 39 79
60 40 80
60 41 81
60 42 82
60 43 83
60 44 84
60 45 85
60 46 86
60 47 87
60 48 88
60 49 89
60 50 90
60 51 91
60 52 92
60 53 93
60 54 94
60 55 95
60 56 96
60 57 97
60 58 98
60 59 99
61 0 39
61 1 40
61 2 41
61 3 42
61 4 43
61 5 44
61 6 45
61 7 46
61 8 47
61 9 48
61 10 49
61 11 50
61 12 51
61 13 52
61 14 53
61 15 54
61 16 55
61 17 56
61 18 57
61 19 58
61 20 59
61 21 60
61 22 61
61 23 62
61 24 63
61 25 64
61 26 65
61 27 66
61 28 67
61 29 68
61 30 69
61 31 70
61 32 71
61 33 72
61 34 73
61 35 74
61 36 75
61 37 76
61 38 77
61 39 78
61 40 79
61 41 80
61 42 81
61 43 82
61 44 83
61 45 84
61 46 85
61 47 86
61 48 87
61 49 88
61 50 89
61 51 90
61 52 91
61 53 92
61 54 93
61 55 94
61 56 95
61 57 96
61 58 97
61 59 98
61 60 99
62 0 38
62 1 39
62 2 40
62 3 41
62 4 42
62 5 43
62 6 44
62 7 45
62 8 46
62 9 47
62 10 48
62 11 49
62 12 50
62 13 51
62 14 52
62 15 53
62 16 54
62 17 55
62 18 56
62 19 57
62 20 58
62 21 59
62 22 60
62 23 61
62 24 62
62 25 63
62 26 64
62 27 65
62 28 66
62 29 67
62 30 68
62 31 69
62 32 70
62 33 71
62 34 72
62 35 73
62 36 74
62 37 75
62 38 76
62 39 77
62 40 78
62 41 79
62 42 80
62 43 81
62 44 82
62 45 83
62 46 84
62 47 85
62 48 86
62 49 87
62 50 88
62 51 89
62 52 90
62 53 91
62 54 92
62 55 93
62 56 94
62 57 95
62 58 96
62 59 97
62 60 98
62 61 99
63 0 37
63 1 38
63 2 39
63 3 40
63 4 41
63 5 42
63 6 43
63 7 44
63 8 45
63 9 46
63 10 47
63 11 48
63 12 49
63 13 50
63 14 51
63 15 52
63 16 53
63 17 54
63 18 55
63 19 56
63 20 57
63 21 58
63 22 59
63 23 60
63 24 61
63 25 62
63 26 63
63 27 64
63 28 65
63 29 66
63 30 67
63 31 68
63 32 69
63 33 70
63 34 71
63 35 72
63 36 73
63 37 74
63 38 75
63 39 76
63 40 77
63 41 78
63 42 79
63 43 80
63 44 81
63 45 82
63 46 83
63 47 84
63 48 85
63 49 86
63 50 87
63 51 88
63 52 89
63 53 90
63 54 91
63 55 92
63 56 93
63 57 94
63 58 95
63 59 96
63 60 97
63 61 98
63 62 99
64 0 36
64 1 37
64 2 38
64 3 39
64 4 40
64 5 41
64 6 42
64 7 43
64 8 44
64 9 45
64 10 46
64 11 47
64 12 48
64 13 49
64 14 50
64 15 51
64 16 52
64 17 53
64 18 54
64 19 55
64 20 56
64 21 57
64 22 58
64 23 59
64 24 60
64 25 61
64 26 62
64 27 63
64 28 64
64 29 65
64 30 66
64 31 67
64 32 68
64 33 69
64 34 70
64 35 71
64 36 72
64 37 73
64 38 74
64 39 75
64 40 76
64 41 77
64 42 78
64 43 79
64 44 80
64 45 81
64 46 82
64 47 83
64 48 84
64 49 85
64 50 86
64 51 87
64 52 88
64 53 89
64 54 90
64 55 91
64 56 92
64 57 93
64 58 94
64 59 95
64 60 96
64 61 97
64 62 98
64 63 99
65 0 35
65 1 36
65 2 37
65 3 38
65 4 39
65 5 40
65 6 41
65 7 42
65 8 43
65 9 44
65 10 45
65 11 46
65 12 47
65 13 48
65 14 49
65 15 50
65 16 51
65 17 52
65 18 53
65 19 54
65 20 55
65 21 56
65 22 57
65 23 58
65 24 59
65 25 60
65 26 61
65 27 62
65 28 63
65 29 64
65 30 65
65 31 66
65 32 67
65 33 68
65 34 69
65 35 70
65 36 71
65 37 72
65 38 73
65 39 74
65 40 75
65 41 76
65 42 77
65 43 78
65 44 79
65 45 80
65 46 81
65 47 82
65 48 83
65 49 84
65 50 85
65 51 86
65 52 87
65 53 88
65 54 89
65 55 90
65 56 91
65 57 92
65 58 93
65 59 94
65 60 95
65 61 96
65 62 97
65 63 98
65 64 99
66 0 34
66 1 35
66 2 36
66 3 37
66 4 38
66 5 39
66 6 40
66 7 41
66 8 42
66 9 43
66 10 44
66 11 45
66 12 46
66 13 47
66 14 48
66 15 49
66 16 50
66 17 51
66 18 52
66 19 53
66 20 54
66 21 55
66 22 56
66 23 57
66 24 58
66 25 59
66 26 60
66 27 61
66 28 62
66 29 63
66 30 64
66 31 65
66 32 66
66 33 67
66 34 68
66 35 69
66 36 70
66 37 71
66 38 72
66 39 73
66 40 74
66 41 75
66 42 76
66 43 77
66 44 78
66 45 79
66 46 80
66 47 81
66 48 82
66 49 83
66 50 84
66 51 85
66 52 86
66 53 87
66 54 88
66 55 89
66 56 90
66 57 91
66 58 92
66 59 93
66 60 94
66 61 95
66 62 96
66 63 97
66 64 98
66 65 99
67 0 33
67 1 34
67 2 35
67 3 36
67 4 37
67 5 38
67 6 39
67 7 40
67 8 41
67 9 42
67 10 43
67 11 44
67 12 45
67 13 46
67 14 47
67 15 48
67 16 49
67 17 50
67 18 51
67 19 52
67 20 53
67 21 54
67 22 55
67 23 56
67 24 57
67 25 58
67 26 59
67 27 60
67 28 61
67 29 62
67 30 63
67 31 64
67 32 65
67 33 66
67 34 67
67 35 68
67 36 69
67 37 70
67 38 71
67 39 72
67 40 73
67 41 74
67 42 75
67 43 76
67 44 77
67 45 78
67 46 79
67 47 80
67 48 81
67 49 82
67 50 83
67 51 84
67 52 85
67 53 86
67 54 87
67 55 88
67 56 89
67 57 90
67 58 91
67 59 92
67 60 93
67 61 94
67 62 95
67 63 96
67 64 97
67 65 98
67 66 99
68 0 32
68 1 33
68 2 34
68 3 35
68 4 36
68 5 37
68 6 38
68 7 39
68 8 40
68 9 41
68 10 42
68 11 43
68 12 44
68 13 45
68 14 46
68 15 47
68 16 48
68 17 49
68 18 50
68 19 51
68 20 52
68 21 53
68 22 54
68 23 55
68 24 56
68 25 57
68 26 58
68 27 59
68 28 60
68 29 61
68 30 62
68 31 63
68 32 64
68 33 65
68 34 66
68 35 67
68 36 68
68 37 69
68 38 70
68 39 71
68 40 72
68 41 73
68 42 74
68 43 75
68 44 76
68 45 77
68 46 78
68 47 79
68 48 80
68 49 81
68 50 82
68 51 83
68 52 84
68 53 85
68 54 86
68 55 87
68 56 88
68 57 89
68 58 90
68 59 91
68 60 92
68 61 93
68 62 94
68 63 95
68 64 96
68 65 97
68 66 98
68 67 99
69 0 31
69 1 32
69 2 33
69 3 34
69 4 35
69 5 36
69 6 37
69 7 38
69 8 39
69 9 40
69 10 41
69 11 42
69 12 43
69 13 44
69 14 45
69 15 46
69 16 47
69 17 48
69 18 49
69 19 50
69 20 51
69 21 52
69 22 53
69 23 54
69 24 55
69 25 56
69 26 57
69 27 58
69 28 59
69 29 60
69 30 61
69 31 62
69 32 63
69 33 64
69 34 65
69 35 66
69 36 67
69 37 68
69 38 69
69 39 70
69 40 71
69 41 72
69 42 73
69 43 74
69 44 75
69 45 76
69 46 77
69 47 78
69 48 79
69 49 80
69 50 81
69 51 82
69 52 83
69 53 84
69 54 85
69 55 86
69 56 87
69 57 88
69 58 89
69 59 90
69 60 91
69 61 92
69 62 93
69 63 94
69 64 95
69 65 96
69 66 97
69 67 98
69 68 99
70 0 30
70 1 31
70 2 32
70 3 33
70 4 34
70 5 35
70 6 36
70 7 37
70 8 38
70 9 39
70 10 40
70 11 41
70 12 42
70 13 43
70 14 44
70 15 45
70 16 46
70 17 47
70 18 48
70 19 49
70 20 50
70 21 51
70 22 52
70 23 53
70 24 54
70 25 55
70 26 56
70 27 57
70 28 58
70 29 59
70 30 60
70 31 61
70 32 62
70 33 63
70 34 64
70 35 65
70 36 66
70 37 67
70 38 68
70 39 69
70 40 70
70 41 71
70 42 72
70 43 73
70 44 74
70 45 75
70 46 76
70 47 77
70 48 78
70 49 79
70 50 80
70 51 81
70 52 82
70 53 83
70 54 84
70 55 85
70 56 86
70 57 87
70 58 88
70 59 89
70 60 90
70 61 91
70 62 92
70 63 93
70 64 94
70 65 95
70 66 96
70 67 97
70 68 98
70 69 99
71 0 29
71 1 30
71 2 31
71 3 32
71 4 33
71 5 34
71 6 35
71 7 36
71 8 37
71 9 38
71 10 39
71 11 40
71 12 41
71 13 42
71 14 43
71 15 44
71 16 45
71 17 46
71 18 47
71 19 48
71 20 49
71 21 50
71 22 51
71 23 52
71 24 53
71 25 54
71 26 55
71 27 56
71 28 57
71 29 58
71 30 59
71 31 60
71 32 61
71 33 62
71 34 63
71 35 64
71 36 65
71 37 66
71 38 67
71 39 68
71 40 69
71 41 70
71 42 71
71 43 72
71 44 73
71 45 74
71 46 75
71 47 76
71 48 77
71 49 78
71 50 79
71 51 80
71 52 81
71 53 82
71 54 83
71 55 84
71 56 85
71 57 86
71 58 87
71 59 88
71 60 89
71 61 90
71 62 91
71 63 92
71 64 93
71 65 94
71 66 95
71 67 96
71 68 97
71 69 98
71 70 99
72 0 28
72 1 29
72 2 30
72 3 31
72 4 32
72 5 33
72 6 34
72 7 35
72 8 36
72 9 37
72 10 38
72 11 39
72 12 40
72 13 41
72 14 42
72 15 43
72 16 44
72 17 45
72 18 46
72 19 47
72 20 48
72 21 49
72 22 50
72 23 51
72 24 52
72 25 53
72 26 54
72 27 55
72 28 56
72 29 57
72 30 58
72 31 59
72 32 60
72 33 61
72 34 62
72 35 63
72 36 64
72 37 65
72 38 66
72 39 67
72 40 68
72 41 69
72 42 70
72 43 71
72 44 72
72 45 73
72 46 74
72 47 75
72 48 76
72 49 77
72 50 78
72 51 79
72 52 80
72 53 81
72 54 82
72 55 83
72 56 84
72 57 85
72 58 86
72 59 87
72 60 88
72 61 89
72 62 90
72 63 91
72 64 92
72 65 93
72 66 94
72 67 95
72 68 96
72 69 97
72 70 98
72 71 99
73 0 27
73 1 28
73 2 29
73 3 30
73 4 31
73 5 32
73 6 33
73 7 34
73 8 35
73 9 36
73 10 37
73 11 38
73 12 39
73 13 40
73 14 41
73 15 42
73 16 43
73 17 44
73 18 45
73 19 46
73 20 47
73 21 48
73 22 49
73 23 50
73 24 51
73 25 52
73 26 53
73 27 54
73 28 55
73 29 56
73 30 57
73 31 58
73 32 59
73 33 60
73 34 61
73 35 62
73 36 63
73 37 64
73 38 65
73 39 66
73 40 67
73 41 68
73 42 69
73 43 70
73 44 71
73 45 72
73 46 73
73 47 74
73 48 75
73 49 76
73 50 77
73 51 78
73 52 79
73 53 80
73 54 81
73 55 82
73 56 83
73 57 84
73 58 85
73 59 86
73 60 87
73 61 88
73 62 89
73 63 90
73 64 91
73 65 92
73 66 93
73 67 94
73 68 95
73 69 96
73 70 97
73 71 98
73 72 99
74 0 26
74 1 27
74 2 28
74 3 29
74 4 30
74 5 31
74 6 32
74 7 33
74 8 34
74 9 35
74 10 36
74 11 37
74 12 38
74 13 39
74 14 40
74 15 41
74 16 42
74 17 43
74 18 44
74 19 45
74 20 46
74 21 47
74 22 48
74 23 49
74 24 50
74 25 51
74 26 52
74 27 53
74 28 54
74 29 55
74 30 56
74 31 57
74 32 58
74 33 59
74 34 60
74 35 61
74 36 62
74 37 63
74 38 64
74 39 65
74 40 66
74 41 67
74 42 68
74 43 69
74 44 70
74 45 71
74 46 72
74 47 73
74 48 74
74 49 75
74 50 76
74 51 77
74 52 78
74 53 79
74 54 80
74 55 81
74 56 82
74 57 83
74 58 84
74 59 85
74 60 86
74 61 87
74 62 88
74 63 89
74 64 90
74 65 91
74 66 92
74 67 93
74 68 94
74 69 95
74 70 96
74 71 97
74 72 98
74 73 99
75 0 25
75 1 26
75 2 27
75 3 28
75 4 29
75 5 30
75 6 31
75 7 32
75 8 33
75 9 34
75 10 35
75 11 36
75 12 37
75 13 38
75 14 39
75 15 40
75 16 41
75 17 42
75 18 43
75 19 44
75 20 45
75 21 46
75 22 47
75 23 48
75 24 49
75 25 50
75 26 51
75 27 52
75 28 53
75 29 54
75 30 55
75 31 56
75 32 57
75 33 58
75 34 59
75 35 60
75 36 61
75 37 62
75 38 63
75 39 64
75 40 65
75 41 66
75 42 67
75 43 68
75 44 69
75 45 70
75 46 71
75 47 72
75 48 73
75 49 74
75 50 75
75 51 76
75 52 77
75 53 78
75 54 79
75 55 80
75 56 81
75 57 82
75 58 83
75 59 84
75 60 85
75 61 86
75 62 87
75 63 88
75 64 89
75 65 90
75 66 91
75 67 92
75 68 93
75 69 94
75 70 95
75 71 96
75 72 97
75 73 98
75 74 99
76 0 24
76 1 25
76 2 26
76 3 27
76 4 28
76 5 29
76 6 30
76 7 31
76 8 32
76 9 33
76 10 34
76 11 35
76 12 36
76 13 37
76 14 38
76 15 39
76 16 40
76 17 41
76 18 42
76 19 43
76 20 44
76 21 45
76 22 46
76 23 47
76 24 48
76 25 49
76 26 50
76 27 51
76 28 52
76 29 53
76 30 54
76 31 55
76 32 56
76 33 57
76 34 58
76 35 59
76 36 60
76 37 61
76 38 62
76 39 63
76 40 64
76 41 65
76 42 66
76 43 67
76 44 68
76 45 69
76 46 70
76 47 71
76 48 72
76 49 73
76 50 74
76 51 75
76 52 76
76 53 77
76 54 78
76 55 79
76 56 80
76 57 81
76 58 82
76 59 83
76 60 84
76 61 85
76 62 86
76 63 87
76 64 88
76 65 89
76 66 90
76 67 91
76 68 92
76 69 93
76 70 94
76 71 95
76 72 96
76 73 97
76 74 98
76 75 99
77 0 23
77 1 24
77 2 25
77 3 26
77 4 27
77 5 28
77 6 29
77 7 30
77 8 31
77 9 32
77 10 33
77 11 34
77 12 35
77 13 36
77 14 37
77 15 38
77 16 39
77 17 40
77 18 41
77 19 42
77 20 43
77 21 44
77 22 45
77 23 46
77 24 47
77 25 48
77 26 49
77 27 50
77 28 51
77 29 52
77 30 53
77 31 54
77 32 55
77 33 56
77 34 57
77 35 58
77 36 59
77 37 60
77 38 61
77 39 62
77 40 63
77 41 64
77 42 65
77 43 66
77 44 67
77 45 68
77 46 69
77 47 70
77 48 71
77 49 72
77 50 73
77 51 74
77 52 75
77 53 76
77 54 77
77 55 78
77 56 79
77 57 80
77 58 81
77 59 82
77 60 83
77 61 84
77 62 85
77 63 86
77 64 87
77 65 88
77 66 89
77 67 90
77 68 91
77 69 92
77 70 93
77 71 94
77 72 95
77 73 96
77 74 97
77 75 98
77 76 99
78 0 22
78 1 23
78 2 24
78 3 25
78 4 26
78 5 27
78 6 28
78 7 29
78 8 30
78 9 31
78 10 32
78 11 33
78 12 34
78 13 35
78 14 36
78 15 37
78 16 38
78 17 39
78 18 40
78 19 41
78 20 42
78 21 43
78 22 44
78 23 45
78 24 46
78 25 47
78 26 48
78 27 49
78 28 50
78 29 51
78 30 52
78 31 53
78 32 54
78 33 55
78 34 56
78 35 57
78 36 58
78 37 59
78 38 60
78 39 61
78 40 62
78 41 63
78 42 64
78 43 65
78 44 66
78 45 67
78 46 68
78 47 69
78 48 70
78 49 71
78 50 72
78 51 73
78 52 74
78 53 75
78 54 76
78 55 77
78 56 78
78 57 79
78 58 80
78 59 81
78 60 82
78 61 83
78 62 84
78 63 85
78 64 86
78 65 87
78 66 88
78 67 89
78 68 90
78 69 91
78 70 92
78 71 93
78 72 94
78 73 95
78 74 96
78 75 97
78 76 98
78 77 99
79 0 21
79 1 22
79 2 23
79 3 24
79 4 25
79 5 26
79 6 27
79 7 28
79 8 29
79 9 30
79 10 31
79 11 32
79 12 33
79 13 34
79 14 35
79 15 36
79 16 37
79 17 38
79 18 39
79 19 40
79 20 41
79 21 42
79 22 43
79 23 44
79 24 45
79 25 46
79 26 47
79 27 48
79 28 49
79 29 50
79 30 51
79 31 52
79 32 53
79 33 54
79 34 55
79 35 56
79 36 57
79 37 58
79 38 59
79 39 60
79 40 61
79 41 62
79 42 63
79 43 64
79 44 65
79 45 66
79 46 67
79 47 68
79 48 69
79 49 70
79 50 71
79 51 72
79 52 73
79 53 74
79 54 75
79 55 76
79 56 77
79 57 78
79 58 79
79 59 80
79 60 81
79 61 82
79 62 83
79 63 84
79 64 85
79 65 86
79 66 87
79 67 88
79 68 89
79 69 90
79 70 91
79 71 92
79 72 93
79 73 94
79 74 95
79 75 96
79 76 97
79 77 98
79 78 99
80 0 20
80 1 21
80 2 22
80 3 23
80 4 24
80 5 25
80 6 26
80 7 27
80 8 28
80 9 29
80 10 30
80 11 31
80 12 32
80 13 33
80 14 34
80 15 35
80 16 36
80 17 37
80 18 38
80 19 39
80 20 40
80 21 41
80 22 42
80 23 43
80 24 44
80 25 45
80 26 46
80 27 47
80 28 48
80 29 49
80 30 50
80 31 51
80 32 52
80 33 53
80 34 54
80 35 55
80 36 56
80 37 57
80 38 58
80 39 59
80 40 60
80 41 61
80 42 62
80 43 63
80 44 64
80 45 65
80 46 66
80 47 67
80 48 68
80 49 69
80 50 70
80 51 71
80 52 72
80 53 73
80 54 74
80 55 75
80 56 76
80 57 77
80 58 78
80 59 79
80 60 80
80 61 81
80 62 82
80 63 83
80 64 84
80 65 85
80 66 86
80 67 87
80 68 88
80 69 89
80 70 90
80 71 91
80 72 92
80 73 93
80 74 94
80 75 95
80 76 96
80 77 97
80 78 98
80 79 99
81 0 19
81 1 20
81 2 21
81 3 22
81 4 23
81 5 24
81 6 25
81 7 26
81 8 27
81 9 28
81 10 29
81 11 30
81 12 31
81 13 32
81 14 33
81 15 34
81 16 35
81 17 36
81 18 37
81 19 38
81 20 39
81 21 40
81 22 41
81 23 42
81 24 43
81 25 44
81 26 45
81 27 46
81 28 47
81 29 48
81 30 49
81 31 50
81 32 51
81 33 52
81 34 53
81 35 54
81 36 55
81 37 56
81 38 57
81 39 58
81 40 59
81 41 60
81 42 61
81 43 62
81 44 63
81 45 64
81 46 65
81 47 66
81 48 67
81 49 68
81 50 69
81 51 70
81 52 71
81 53 72
81 54 73
81 55 74
81 56 75
81 57 76
81 58 77
81 59 78
81 60 79
81 61 80
81 62 81
81 63 82
81 64 83
81 65 84
81 66 85
81 67 86
81 68 87
81 69 88
81 70 89
81 71 90
81 72 91
81 73 92
81 74 93
81 75 94
81 76 95
81 77 96
81 78 97
81 79 98
81 80 99
82 0 18
82 1 19
82 2 20
82 3 21
82 4 22
82 5 23
82 6 24
82 7 25
82 8 26
82 9 27
82 10 28
82 11 29
82 12 30
82 13 31
82 14 32
82 15 33
82 16 34
82 17 35
82 18 36
82 19 37
82 20 38
82 21 39
82 22 40
82 23 41
82 24 42
82 25 43
82 26 44
82 27 45
82 28 46
82 29 47
82 30 48
82 31 49
82 32 50
82 33 51
82 34 52
82 35 53
82 36 54
82 37 55
82 38 56
82 39 57
82 40 58
82 41 59
82 42 60
82 43 61
82 44 62
82 45 63
82 46 64
82 47 65
82 48 66
82 49 67
82 50 68
82 51 69
82 52 70
82 53 71
82 54 72
82 55 73
82 56 74
82 57 75
82 58 76
82 59 77
82 60 78
82 61 79
82 62 80
82 63 81
82 64 82
82 65 83
82 66 84
82 67 85
82 68 86
82 69 87
82 70 88
82 71 89
82 72 90
82 73 91
82 74 92
82 75 93
82 76 94
82 77 95
82 78 96
82 79 97
82 80 98
82 81 99
83 0 17
83 1 18
83 2 19
83 3 20
83 4 21
83 5 22
83 6 23
83 7 24
83 8 25
83 9 26
83 10 27
83 11 28
83 12 29
83 13 30
83 14 31
83 15 32
83 16 33
83 17 34
83 18 35
83 19 36
83 20 37
83 21 38
83 22 39
83 23 40
83 24 41
83 25 42
83 26 43
83 27 44
83 28 45
83 29 46
83 30 47
83 31 48
83 32 49
83 33 50
83 34 51
83 35 52
83 36 53
83 37 54
83 38 55
83 39 56
83 40 57
83 41 58
83 42 59
83 43 60
83 44 61
83 45 62
83 46 63
83 47 64
83 48 65
83 49 66
83 50 67
83 51 68
83 52 69
83 53 70
83 54 71
83 55 72
83 56 73
83 57 74
83 58 75
83 59 76
83 60 77
83 61 78
83 62 79
83 63 80
83 64 81
83 65 82
83 66 83
83 67 84
83 68 85
83 69 86
83 70 87
83 71 88
83 72 89
83 73 90
83 74 91
83 75 92
83 76 93
83 77 94
83 78 95
83 79 96
83 80 97
83 81 98
83 82 99
84 0 16
84 1 17
84 2 18
84 3 19
84 4 20
84 5 21
84 6 22
84 7 23
84 8 24
84 9 25
84 10 26
84 11 27
84 12 28
84 13 29
84 14 30
84 15 31
84 16 32
84 17 33
84 18 34
84 19 35
84 20 36
84 21 37
84 22 38
84 23 39
84 24 40
84 25 41
84 26 42
84 27 43
84 28 44
84 29 45
84 30 46
84 31 47
84 32 48
84 33 49
84 34 50
84 35 51
84 36 52
84 37 53
84 38 54
84 39 55
84 40 56
84 41 57
84 42 58
84 43 59
84 44 60
84 45 61
84 46 62
84 47 63
84 48 64
84 49 65
84 50 66
84 51 67
84 52 68
84 53 69
84 54 70
84 55 71
84 56 72
84 57 73
84 58 74
84 59 75
84 60 76
84 61 77
84 62 78
84 63 79
84 64 80
84 65 81
84 66 82
84 67 83
84 68 84
84 69 85
84 70 86
84 71 87
84 72 88
84 73 89
84 74 90
84 75 91
84 76 92
84 77 93
84 78 94
84 79 95
84 80 96
84 81 97
84 82 98
84 83 99
85 0 15
85 1 16
85 2 17
85 3 18
85 4 19
85 5 20
85 6 21
85 7 22
85 8 23
85 9 24
85 10 25
85 11 26
85 12 27
85 13 28
85 14 29
85 15 30
85 16 31
85 17 32
85 18 33
85 19 34
85 20 35
85 21 36
85 22 37
85 23 38
85 24 39
85 25 40
85 26 41
85 27 42
85 28 43
85 29 44
85 30 45
85 31 46
85 32 47
85 33 48
85 34 49
85 35 50
85 36 51
85 37 52
85 38 53
85 39 54
85 40 55
85 41 56
85 42 57
85 43 58
85 44 59
85 45 60
85 46 61
85 47 62
85 48 63
85 49 64
85 50 65
85 51 66
85 52 67
85 53 68
85 54 69
85 55 70
85 56 71
85 57 72
85 58 73
85 59 74
85 60 75
85 61 76
85 62 77
85 63 78
85 64 79
85 65 80
85 66 81
85 67 82
85 68 83
85 69 84
85 70 85
85 71 86
85 72 87
85 73 88
85 74 89
85 75 90
85 76 91
85 77 92
85 78 93
85 79 94
85 80 95
85 81 96
85 82 97
85 83 98
85 84 99
86 0 14
86 1 15
86 2 16
86 3 17
86 4 18
86 5 19
86 6 20
86 7 21
86 8 22
86 9 23
86 10 24
86 11 25
86 12 26
86 13 27
86 14 28
86 15 29
86 16 30
86 17 31
86 18 32
86 19 33
86 20 34
86 21 35
86 22 36
86 23 37
86 24 38
86 25 39
86 26 40
86 27 41
86 28 42
86 29 43
86 30 44
86 31 45
86 32 46
86 33 47
86 34 48
86 35 49
86 36 50
86 37 51
86 38 52
86 39 53
86 40 54
86 41 55
86 42 56
86 43 57
86 44 58
86 45 59
86 46 60
86 47 61
86 48 62
86 49 63
86 50 64
86 51 65
86 52 66
86 53 67
86 54 68
86 55 69
86 56 70
86 57 71
86 58 72
86 59 73
86 60 74
86 61 75
86 62 76
86 63 77
86 64 78
86 65 79
86 66 80
86 67 81
86 68 82
86 69 83
86 70 84
86 71 85
86 72 86
86 73 87
86 74 88
86 75 89
86 76 90
86 77 91
86 78 92
86 79 93
86 80 94
86 81 95
86 82 96
86 83 97
86 84 98
86 85 99
87 0 13
87 1 14
87 2 15
87 3 16
87 4 17
87 5 18
87 6 19
87 7 20
87 8 21
87 9 22
87 10 23
87 11 24
87 12 25
87 13 26
87 14 27
87 15 28
87 16 29
87 17 30
87 18 31
87 19 32
87 20 33
87 21 34
87 22 35
87 23 36
87 24 37
87 25 38
87 26 39
87 27 40
87 28 41
87 29 42
87 30 43
87 31 44
87 32 45
87 33 46
87 34 47
87 35 48
87 36 49
87 37 50
87 38 51
87 39 52
87 40 53
87 41 54
87 42 55
87 43 56
87 44 57
87 45 58
87 46 59
87 47 60
87 48 61
87 49 62
87 50 63
87 51 64
87 52 65
87 53 66
87 54 67
87 55 68
87 56 69
87 57 70
87 58 71
87 59 72
87 60 73
87 61 74
87 62 75
87 63 76
87 64 77
87 65 78
87 66 79
87 67 80
87 68 81
87 69 82
87 70 83
87 71 84
87 72 85
87 73 86
87 74 87
87 75 88
87 76 89
87 77 90
87 78 91
87 79 92
87 80 93
87 81 94
87 82 95
87 83 96
87 84 97
87 85 98
87 86 99
88 0 12
88 1 13
88 2 14
88 3 15
88 4 16
88 5 17
88 6 18
88 7 19
88 8 20
88 9 21
88 10 22
88 11 23
88 12 24
88 13 25
88 14 26
88 15 27
88 16 28
88 17 29
88 18 30
88 19 31
88 20 32
88 21 33
88 22 34
88 23 35
88 24 36
88 25 37
88 26 38
88 27 39
88 28 40
88 29 41
88 30 42
88 31 43
88 32 44
88 33 45
88 34 46
88 35 47
88 36 48
88 37 49
88 38 50
88 39 51
88 40 52
88 41 53
88 42 54
88 43 55
88 44 56
88 45 57
88 46 58
88 47 59
88 48 60
88 49 61
88 50 62
88 51 63
88 52 64
88 53 65
88 54 66
88 55 67
88 56 68
88 57 69
88 58 70
88 59 71
88 60 72
88 61 73
88 62 74
88 63 75
88 64 76
88 65 77
88 66 78
88 67 79
88 68 80
88 69 81
88 70 82
88 71 83
88 72 84
88 73 85
88 74 86
88 75 87
88 76 88
88 77 89
88 78 90
88 79 91
88 80 92
88 81 93
88 82 94
88 83 95
88 84 96
88 85 97
88 86 98
88 87 99
89 0 11
89 1 12
89 2 13
89 3 14
89 4 15
89 5 16
89 6 17
89 7 18
89 8 19
89 9 20
89 10 21
89 11 22
89 12 23
89 13 24
89 14 25
89 15 26
89 16 27
89 17 28
89 18 29
89 19 30
89 20 31
89 21 32
89 22 33
89 23 34
89 24 35
89 25 36
89 26 37
89 27 38
89 28 39
89 29 40
89 30 41
89 31 42
89 32 43
89 33 44
89 34 45
89 35 46
89 36 47
89 37 48
89 38 49
89 39 50
89 40 51
89 41 52
89 42 53
89 43 54
89 44 55
89 45 56
89 46 57
89 47 58
89 48 59
89 49 60
89 50 61
89 51 62
89 52 63
89 53 64
89 54 65
89 55 66
89 56 67
89 57 68
89 58 69
89 59 70
89 60 71
89 61 72
89 62 73
89 63 74
89 64 75
89 65 76
89 66 77
89 67 78
89 68 79
89 69 80
89 70 81
89 71 82
89 72 83
89 73 84
89 74 85
89 75 86
89 76 87
89 77 88
89 78 89
89 79 90
89 80 91
89 81 92
89 82 93
89 83 94
89 84 95
89 85 96
89 86 97
89 87 98
89 88 99
90 0 10
90 1 11
90 2 12
90 3 13
90 4 14
90 5 15
90 6 16
90 7 17
90 8 18
90 9 19
90 10 20
90 11 21
90 12 22
90 13 23
90 14 24
90 15 25
90 16 26
90 17 27
90 18 28
90 19 29
90 20 30
90 21 31
90 22 32
90 23 33
90 24 34
90 25 35
90 26 36
90 27 37
90 28 38
90 29 39
90 30 40
90 31 41
90 32 42
90 33 43
90 34 44
90 35 45
90 36 46
90 37 47
90 38 48
90 39 49
90 40 50
90 41 51
90 42 52
90 43 53
90 44 54
90 45 55
90 46 56
90 47 57
90 48 58
90 49 59
90 50 60
90 51 61
90 52 62
90 53 63
90 54 64
90 55 65
90 56 66
90 57 67
90 58 68
90 59 69
90 60 70
90 61 71
90 62 72
90 63 73
90 64 74
90 65 75
90 66 76
90 67 77
90 68 78
90 69 79
90 70 80
90 71 81
90 72 82
90 73 83
90 74 84
90 75 85
90 76 86
90 77 87
90 78 88
90 79 89
90 80 90
90 81 91
90 82 92
90 83 93
90 84 94
90 85 95
90 86 96
90 87 97
90 88 98
90 89 99
91 0 9
91 1 10
91 2 11
91 3 12
91 4 13
91 5 14
91 6 15
91 7 16
91 8 17
91 9 18
91 10 19
91 11 20
91 12 21
91 13 22
91 14 23
91 15 24
91 16 25
91 17 26
91 18 27
91 19 28
91 20 29
91 21 30
91 22 31
91 23 32
91 24 33
91 25 34
91 26 35
91 27 36
91 28 37
91 29 38
91 30 39
91 31 40
91 32 41
91 33 42
91 34 43
91 35 44
91 36 45
91 37 46
91 38 47
91 39 48
91 40 49
91 41 50
91 42 51
91 43 52
91 44 53
91 45 54
91 46 55
91 47 56
91 48 57
91 49 58
91 50 59
91 51 60
91 52 61
91 53 62
91 54 63
91 55 64
91 56 65
91 57 66
91 58 67
91 59 68
91 60 69
91 61 70
91 62 71
91 63 72
91 64 73
91 65 74
91 66 75
91 67 76
91 68 77
91 69 78
91 70 79
91 71 80
91 72 81
91 73 82
91 74 83
91 75 84
91 76 85
91 77 86
91 78 87
91 79 88
91 80 89
91 81 90
91 82 91
91 83 92
91 84 93
91 85 94
91 86 95
91 87 96
91 88 97
91 89 98
91 90 99
92 0 8
92 1 9
92 2 10
92 3 11
92 4 12
92 5 13
92 6 14
92 7 15
92 8 16
92 9 17
92 10 18
92 11 19
92 12 20
92 13 21
92 14 22
92 15 23
92 16 24
92 17 25
92 18 26
92 19 27
92 20 28
92 21 29
92 22 30
92 23 31
92 24 32
92 25 33
92 26 34
92 27 35
92 28 36
92 29 37
92 30 38
92 31 39
92 32 40
92 33 41
92 34 42
92 35 43
92 36 44
92 37 45
92 38 46
92 39 47
92 40 48
92 41 49
92 42 50
92 43 51
92 44 52
92 45 53
92 46 54
92 47 55
92 48 56
92 49 57
92 50 58
92 51 59
92 52 60
92 53 61
92 54 62
92 55 63
92 56 64
92 57 65
92 58 66
92 59 67
92 60 68
92 61 69
92 62 70
92 63 71
92 64 72
92 65 73
92 66 74
92 67 75
92 68 76
92 69 77
92 70 78
92 71 79
92 72 80
92 73 81
92 74 82
92 75 83
92 76 84
92 77 85
92 78 86
92 79 87
92 80 88
92 81 89
92 82 90
92 83 91
92 84 92
92 85 93
92 86 94
92 87 95
92 88 96
92 89 97
92 90 98
92 91 99
93 0 7
93 1 8
93 2 9
93 3 10
93 4 11
93 5 12
93 6 13
93 7 14
93 8 15
93 9 16
93 10 17
93 11 18
93 12 19
93 13 20
93 14 21
93 15 22
93 16 23
93 17 24
93 18 25
93 19 26
93 20 27
93 21 28
93 22 29
93 23 30
93 24 31
93 25 32
93 26 33
93 27 34
93 28 35
93 29 36
93 30 37
93 31 38
93 32 39
93 33 40
93 34 41
93 35 42
93 36 43
93 37 44
93 38 45
93 39 46
93 40 47
93 41 48
93 42 49
93 43 50
93 44 51
93 45 52
93 46 53
93 47 54
93 48 55
93 49 56
93 50 57
93 51 58
93 52 59
93 53 60
93 54 61
93 55 62
93 56 63
93 57 64
93 58 65
93 59 66
93 60 67
93 61 68
93 62 69
93 63 70
93 64 71
93 65 72
93 66 73
93 67 74
93 68 75
93 69 76
93 70 77
93 71 78
93 72 79
93 73 80
93 74 81
93 75 82
93 76 83
93 77 84
93 78 85
93 79 86
93 80 87
93 81 88
93 82 89
93 83 90
93 84 91
93 85 92
93 86 93
93 87 94
93 88 95
93 89 96
93 90 97
93 91 98
93 92 99
94 0 6
94 1 7
94 2 8
94 3 9
94 4 10
94 5 11
94 6 12
94 7 13
94 8 14
94 9 15
94 10 16
94 11 17
94 12 18
94 13 19
94 14 20
94 15 21
94 16 22
94 17 23
94 18 24
94 19 25
94 20 26
94 21 27
94 22 28
94 23 29
94 24 30
94 25 31
94 26 32
94 27 33
94 28 34
94 29 35
94 30 36
94 31 37
94 32 38
94 33 39
94 34 40
94 35 41
94 36 42
94 37 43
94 38 44
94 39 45
94 40 46
94 41 47
94 42 48
94 43 49
94 44 50
94 45 51
94 46 52
94 47 53
94 48 54
94 49 55
94 50 56
94 51 57
94 52 58
94 53 59
94 54 60
94 55 61
94 56 62
94 57 63
94 58 64
94 59 65
94 60 66
94 61 67
94 62 68
94 63 69
94 64 70
94 65 71
94 66 72
94 67 73
94 68 74
94 69 75
94 70 76
94 71 77
94 72 78
94 73 79
94 74 80
94 75 81
94 76 82
94 77 83
94 78 84
94 79 85
94 80 86
94 81 87
94 82 88
94 83 89
94 84 90
94 85 91
94 86 92
94 87 93
94 88 94
94 89 95
94 90 96
94 91 97
94 92 98
94 93 99
95 0 5
95 1 6
95 2 7
95 3 8
95 4 9
95 5 10
95 6 11
95 7 12
95 8 13
95 9 14
95 10 15
95 11 16
95 12 17
95 13 18
95 14 19
95 15 20
95 16 21
95 17 22
95 18 23
95 19 24
95 20 25
95 21 26
95 22 27
95 23 28
95 24 29
95 25 30
95 26 31
95 27 32
95 28 33
95 29 34
95 30 35
95 31 36
95 32 37
95 33 38
95 34 39
95 35 40
95 36 41
95 37 42
95 38 43
95 39 44
95 40 45
95 41 46
95 42 47
95 43 48
95 44 49
95 45 50
95 46 51
95 47 52
95 48 53
95 49 54
95 50 55
95 51 56
95 52 57
95 53 58
95 54 59
95 55 60
95 56 61
95 57 62
95 58 63
95 59 64
95 60 65
95 61 66
95 62 67
95 63 68
95 64 69
95 65 70
95 66 71
95 67 72
95 68 73
95 69 74
95 70 75
95 71 76
95 72 77
95 73 78
95 74 79
95 75 80
95 76 81
95 77 82
95 78 83
95 79 84
95 80 85
95 81 86
95 82 87
95 83 88
95 84 89
95 85 90
95 86 91
95 87 92
95 88 93
95 89 94
95 90 95
95 91 96
95 92 97
95 93 98
95 94 99
96 0 4
96 1 5
96 2 6
96 3 7
96 4 8
96 5 9
96 6 10
96 7 11
96 8 12
96 9 13
96 10 14
96 11 15
96 12 16
96 13 17
96 14 18
96 15 19
96 16 20
96 17 21
96 18 22
96 19 23
96 20 24
96 21 25
96 22 26
96 23 27
96 24 28
96 25 29
96 26 30
96 27 31
96 28 32
96 29 33
96 30 34
96 31 35
96 32 36
96 33 37
96 34 38
96 35 39
96 36 40
96 37 41
96 38 42
96 39 43
96 40 44
96 41 45
96 42 46
96 43 47
96 44 48
96 45 49
96 46 50
96 47 51
96 48 52
96 49 53
96 50 54
96 51 55
96 52 56
96 53 57
96 54 58
96 55 59
96 56 60
96 57 61
96 58 62
96 59 63
96 60 64
96 61 65
96 62 66
96 63 67
96 64 68
96 65 69
96 66 70
96 67 71
96 68 72
96 69 73
96 70 74
96 71 75
96 72 76
96 73 77
96 74 78
96 75 79
96 76 80
96 77 81
96 78 82
96 79 83
96 80 84
96 81 85
96 82 86
96 83 87
96 84 88
96 85 89
96 86 90
96 87 91
96 88 92
96 89 93
96 90 94
96 91 95
96 92 96
96 93 97
96 94 98
96 95 99
97 0 3
97 1 4
97 2 5
97 3 6
97 4 7
97 5 8
97 6 9
97 7 10
97 8 11
97 9 12
97 10 13
97 11 14
97 12 15
97 13 16
97 14 17
97 15 18
97 16 19
97 17 20
97 18 21
97 19 22
97 20 23
97 21 24
97 22 25
97 23 26
97 24 27
97 25 28
97 26 29
97 27 30
97 28 31
97 29 32
97 30 33
97 31 34
97 32 35
97 33 36
97 34 37
97 35 38
97 36 39
97 37 40
97 38 41
97 39 42
97 40 43
97 41 44
97 42 45
97 43 46
97 44 47
97 45 48
97 46 49
97 47 50
97 48 51
97 49 52
97 50 53
97 51 54
97 52 55
97 53 56
97 54 57
97 55 58
97 56 59
97 57 60
97 58 61
97 59 62
97 60 63
97 61 64
97 62 65
97 63 66
97 64 67
97 65 68
97 66 69
97 67 70
97 68 71
97 69 72
97 70 73
97 71 74
97 72 75
97 73 76
97 74 77
97 75 78
97 76 79
97 77 80
97 78 81
97 79 82
97 80 83
97 81 84
97 82 85
97 83 86
97 84 87
97 85 88
97 86 89
97 87 90
97 88 91
97 89 92
97 90 93
97 91 94
97 92 95
97 93 96
97 94 97
97 95 98
97 96 99
98 0 2
98 1 3
98 2 4
98 3 5
98 4 6
98 5 7
98 6 8
98 7 9
98 8 10
98 9 11
98 10 12
98 11 13
98 12 14
98 13 15
98 14 16
98 15 17
98 16 18
98 17 19
98 18 20
98 19 21
98 20 22
98 21 23
98 22 24
98 23 25
98 24 26
98 25 27
98 26 28
98 27 29
98 28 30
98 29 31
98 30 32
98 31 33
98 32 34
98 33 35
98 34 36
98 35 37
98 36 38
98 37 39
98 38 40
98 39 41
98 40 42
98 41 43
98 42 44
98 43 45
98 44 46
98 45 47
98 46 48
98 47 49
98 48 50
98 49 51
98 50 52
98 51 53
98 52 54
98 53 55
98 54 56
98 55 57
98 56 58
98 57 59
98 58 60
98 59 61
98 60 62
98 61 63
98 62 64
98 63 65
98 64 66
98 65 67
98 66 68
98 67 69
98 68 70
98 69 71
98 70 72
98 71 73
98 72 74
98 73 75
98 74 76
98 75 77
98 76 78
98 77 79
98 78 80
98 79 81
98 80 82
98 81 83
98 82 84
98 83 85
98 84 86
98 85 87
98 86 88
98 87 89
98 88 90
98 89 91
98 90 92
98 91 93
98 92 94
98 93 95
98 94 96
98 95 97
98 96 98
98 97 99
99 0 1
99 1 2
99 2 3
99 3 4
99 4 5
99 5 6
99 6 7
99 7 8
99 8 9
99 9 10
99 10 11
99 11 12
99 12 13
99 13 14
99 14 15
99 15 16
99 16 17
99 17 18
99 18 19
99 19 20
99 20 21
99 21 22
99 22 23
99 23 24
99 24 25
99 25 26
99 26 27
99 27 28
99 28 29
99 29 30
99 30 31
99 31 32
99 32 33
99 33 34
99 34 35
99 35 36
99 36 37
99 37 38
99 38 39
99 39 40
99 40 41
99 41 42
99 42 43
99 43 44
99 44 45
99 45 46
99 46 47
99 47 48
99 48 49
99 49 50
99 50 51
99 51 52
99 52 53
99 53 54
99 54 55
99 55 56
99 56 57
99 57 58
99 58 59
99 59 60
99 60 61
99 61 62
99 62 63
99 63 64
99 64 65
99 65 66
99 66 67
99 67 68
99 68 69
99 69 70
99 70 71
99 71 72
99 72 73
99 73 74
99 74 75
99 75 76
99 76 77
99 77 78
99 78 79
99 79 80
99 80 81
99 81 82
99 82 83
99 83 84
99 84 85
99 85 86
99 86 87
99 87 88
99 88 89
99 89 90
99 90 91
99 91 92
99 92 93
99 93 94
99 94 95
99 95 96
99 96 97
99 97 98
99 98 99
