75
0 1 1
0 2 2
0 3 3
0 4 4
0 5 5
0 6 6
0 7 7
0 8 8
0 9 9
0 10 10
0 11 11
0 12 12
0 13 13
0 14 14
0 15 15
0 16 16
0 17 17
0 18 18
0 19 19
0 20 20
0 21 21
0 22 22
0 23 23
0 24 24
0 25 25
0 26 26
0 27 27
0 28 28
0 29 29
0 30 30
0 31 31
0 32 32
0 33 33
0 34 34
0 35 35
0 36 36
0 37 37
0 38 38
0 39 39
0 40 40
0 41 41
0 42 42
0 43 43
0 44 44
0 45 45
0 46 46
0 47 47
0 48 48
0 49 49
0 50 50
0 51 51
0 52 52
0 53 53
0 54 54
0 55 55
0 56 56
0 57 57
0 58 58
0 59 59
0 60 60
0 61 61
0 62 62
0 63 63
0 64 64
0 65 65
0 66 66
0 67 67
0 68 68
0 69 69
0 70 70
0 71 71
0 72 72
0 73 73
0 74 74
1 2 1
1 3 2
1 4 3
1 5 4
1 6 5
1 7 6
1 8 7
1 9 8
1 10 9
1 11 10
1 12 11
1 13 12
1 14 13
1 15 14
1 16 15
1 17 16
1 18 17
1 19 18
1 20 19
1 21 20
1 22 21
1 23 22
1 24 23
1 25 24
1 26 25
1 27 26
1 28 27
1 29 28
1 30 29
1 31 30
1 32 31
1 33 32
1 34 33
1 35 34
1 36 35
1 37 36
1 38 37
1 39 38
1 40 39
1 41 40
1 42 41
1 43 42
1 44 43
1 45 44
1 46 45
1 47 46
1 48 47
1 49 48
1 50 49
1 51 50
1 52 51
1 53 52
1 54 53
1 55 54
1 56 55
1 57 56
1 58 57
1 59 58
1 60 59
1 61 60
1 62 61
1 63 62
1 64 63
1 65 64
1 66 65
1 67 66
1 68 67
1 69 68
1 70 69
1 71 70
1 72 71
1 73 72
1 74 73
2 3 1
2 4 2
2 5 3
2 6 4
2 7 5
2 8 6
2 9 7
2 10 8
2 11 9
2 12 10
2 13 11
2 14 12
2 15 13
2 16 14
2 17 15
2 18 16
2 19 17
2 20 18
2 21 19
2 22 20
2 23 21
2 24 22
2 25 23
2 26 24
2 27 25
2 28 26
2 29 27
2 30 28
2 31 29
2 32 30
2 33 31
2 34 32
2 35 33
2 36 34
2 37 35
2 38 36
2 39 37
2 40 38
2 41 39
2 42 40
2 43 41
2 44 42
2 45 43
2 46 44
2 47 45
2 48 46
2 49 47
2 50 48
2 51 49
2 52 50
2 53 51
2 54 52
2 55 53
2 56 54
2 57 55
2 58 56
2 59 57
2 60 58
2 61 59
2 62 60
2 63 61
2 64 62
2 65 63
2 66 64
2 67 65
2 68 66
2 69 67
2 70 68
2 71 69
2 72 70
2 73 71
2 74 72
3 4 1
3 5 2
3 6 3
3 7 4
3 8 5
3 9 6
3 10 7
3 11 8
3 12 9
3 13 10
3 14 11
3 15 12
3 16 13
3 17 14
3 18 15
3 19 16
3 20 17
3 21 18
3 22 19
3 23 20
3 24 21
3 25 22
3 26 23
3 27 24
3 28 25
3 29 26
3 30 27
3 31 28
3 32 29
3 33 30
3 34 31
3 35 32
3 36 33
3 37 34
3 38 35
3 39 36
3 40 37
3 41 38
3 42 39
3 43 40
3 44 41
3 45 42
3 46 43
3 47 44
3 48 45
3 49 46
3 50 47
3 51 48
3 52 49
3 53 50
3 54 51
3 55 52
3 56 53
3 57 54
3 58 55
3 59 56
3 60 57
3 61 58
3 62 59
3 63 60
3 64 61
3 65 62
3 66 63
3 67 64
3 68 65
3 69 66
3 70 67
3 71 68
3 72 69
3 73 70
3 74 71
4 5 1
4 6 2
4 7 3
4 8 4
4 9 5
4 10 6
4 11 7
4 12 8
4 13 9
4 14 10
4 15 11
4 16 12
4 17 13
4 18 14
4 19 15
4 20 16
4 21 17
4 22 18
4 23 19
4 24 20
4 25 21
4 26 22
4 27 23
4 28 24
4 29 25
4 30 26
4 31 27
4 32 28
4 33 29
4 34 30
4 35 31
4 36 32
4 37 33
4 38 34
4 39 35
4 40 36
4 41 37
4 42 38
4 43 39
4 44 40
4 45 41
4 46 42
4 47 43
4 48 44
4 49 45
4 50 46
4 51 47
4 52 48
4 53 49
4 54 50
4 55 51
4 56 52
4 57 53
4 58 54
4 59 55
4 60 56
4 61 57
4 62 58
4 63 59
4 64 60
4 65 61
4 66 62
4 67 63
4 68 64
4 69 65
4 70 66
4 71 67
4 72 68
4 73 69
4 74 70
5 6 1
5 7 2
5 8 3
5 9 4
5 10 5
5 11 6
5 12 7
5 13 8
5 14 9
5 15 10
5 16 11
5 17 12
5 18 13
5 19 14
5 20 15
5 21 16
5 22 17
5 23 18
5 24 19
5 25 20
5 26 21
5 27 22
5 28 23
5 29 24
5 30 25
5 31 26
5 32 27
5 33 28
5 34 29
5 35 30
5 36 31
5 37 32
5 38 33
5 39 34
5 40 35
5 41 36
5 42 37
5 43 38
5 44 39
5 45 40
5 46 41
5 47 42
5 48 43
5 49 44
5 50 45
5 51 46
5 52 47
5 53 48
5 54 49
5 55 50
5 56 51
5 57 52
5 58 53
5 59 54
5 60 55
5 61 56
5 62 57
5 63 58
5 64 59
5 65 60
5 66 61
5 67 62
5 68 63
5 69 64
5 70 65
5 71 66
5 72 67
5 73 68
5 74 69
6 7 1
6 8 2
6 9 3
6 10 4
6 11 5
6 12 6
6 13 7
6 14 8
6 15 9
6 16 10
6 17 11
6 18 12
6 19 13
6 20 14
6 21 15
6 22 16
6 23 17
6 24 18
6 25 19
6 26 20
6 27 21
6 28 22
6 29 23
6 30 24
6 31 25
6 32 26
6 33 27
6 34 28
6 35 29
6 36 30
6 37 31
6 38 32
6 39 33
6 40 34
6 41 35
6 42 36
6 43 37
6 44 38
6 45 39
6 46 40
6 47 41
6 48 42
6 49 43
6 50 44
6 51 45
6 52 46
6 53 47
6 54 48
6 55 49
6 56 50
6 57 51
6 58 52
6 59 53
6 60 54
6 61 55
6 62 56
6 63 57
6 64 58
6 65 59
6 66 60
6 67 61
6 68 62
6 69 63
6 70 64
6 71 65
6 72 66
6 73 67
6 74 68
7 8 1
7 9 2
7 10 3
7 11 4
7 12 5
7 13 6
7 14 7
7 15 8
7 16 9
7 17 10
7 18 11
7 19 12
7 20 13
7 21 14
7 22 15
7 23 16
7 24 17
7 25 18
7 26 19
7 27 20
7 28 21
7 29 22
7 30 23
7 31 24
7 32 25
7 33 26
7 34 27
7 35 28
7 36 29
7 37 30
7 38 31
7 39 32
7 40 33
7 41 34
7 42 35
7 43 36
7 44 37
7 45 38
7 46 39
7 47 40
7 48 41
7 49 42
7 50 43
7 51 44
7 52 45
7 53 46
7 54 47
7 55 48
7 56 49
7 57 50
7 58 51
7 59 52
7 60 53
7 61 54
7 62 55
7 63 56
7 64 57
7 65 58
7 66 59
7 67 60
7 68 61
7 69 62
7 70 63
7 71 64
7 72 65
7 73 66
7 74 67
8 9 1
8 10 2
8 11 3
8 12 4
8 13 5
8 14 6
8 15 7
8 16 8
8 17 9
8 18 10
8 19 11
8 20 12
8 21 13
8 22 14
8 23 15
8 24 16
8 25 17
8 26 18
8 27 19
8 28 20
8 29 21
8 30 22
8 31 23
8 32 24
8 33 25
8 34 26
8 35 27
8 36 28
8 37 29
8 38 30
8 39 31
8 40 32
8 41 33
8 42 34
8 43 35
8 44 36
8 45 37
8 46 38
8 47 39
8 48 40
8 49 41
8 50 42
8 51 43
8 52 44
8 53 45
8 54 46
8 55 47
8 56 48
8 57 49
8 58 50
8 59 51
8 60 52
8 61 53
8 62 54
8 63 55
8 64 56
8 65 57
8 66 58
8 67 59
8 68 60
8 69 61
8 70 62
8 71 63
8 72 64
8 73 65
8 74 66
9 10 1
9 11 2
9 12 3
9 13 4
9 14 5
9 15 6
9 16 7
9 17 8
9 18 9
9 19 10
9 20 11
9 21 12
9 22 13
9 23 14
9 24 15
9 25 16
9 26 17
9 27 18
9 28 19
9 29 20
9 30 21
9 31 22
9 32 23
9 33 24
9 34 25
9 35 26
9 36 27
9 37 28
9 38 29
9 39 30
9 40 31
9 41 32
9 42 33
9 43 34
9 44 35
9 45 36
9 46 37
9 47 38
9 48 39
9 49 40
9 50 41
9 51 42
9 52 43
9 53 44
9 54 45
9 55 46
9 56 47
9 57 48
9 58 49
9 59 50
9 60 51
9 61 52
9 62 53
9 63 54
9 64 55
9 65 56
9 66 57
9 67 58
9 68 59
9 69 60
9 70 61
9 71 62
9 72 63
9 73 64
9 74 65
10 11 1
10 12 2
10 13 3
10 14 4
10 15 5
10 16 6
10 17 7
10 18 8
10 19 9
10 20 10
10 21 11
10 22 12
10 23 13
10 24 14
10 25 15
10 26 16
10 27 17
10 28 18
10 29 19
10 30 20
10 31 21
10 32 22
10 33 23
10 34 24
10 35 25
10 36 26
10 37 27
10 38 28
10 39 29
10 40 30
10 41 31
10 42 32
10 43 33
10 44 34
10 45 35
10 46 36
10 47 37
10 48 38
10 49 39
10 50 40
10 51 41
10 52 42
10 53 43
10 54 44
10 55 45
10 56 46
10 57 47
10 58 48
10 59 49
10 60 50
10 61 51
10 62 52
10 63 53
10 64 54
10 65 55
10 66 56
10 67 57
10 68 58
10 69 59
10 70 60
10 71 61
10 72 62
10 73 63
10 74 64
11 12 1
11 13 2
11 14 3
11 15 4
11 16 5
11 17 6
11 18 7
11 19 8
11 20 9
11 21 10
11 22 11
11 23 12
11 24 13
11 25 14
11 26 15
11 27 16
11 28 17
11 29 18
11 30 19
11 31 20
11 32 21
11 33 22
11 34 23
11 35 24
11 36 25
11 37 26
11 38 27
11 39 28
11 40 29
11 41 30
11 42 31
11 43 32
11 44 33
11 45 34
11 46 35
11 47 36
11 48 37
11 49 38
11 50 39
11 51 40
11 52 41
11 53 42
11 54 43
11 55 44
11 56 45
11 57 46
11 58 47
11 59 48
11 60 49
11 61 50
11 62 51
11 63 52
11 64 53
11 65 54
11 66 55
11 67 56
11 68 57
11 69 58
11 70 59
11 71 60
11 72 61
11 73 62
11 74 63
12 13 1
12 14 2
12 15 3
12 16 4
12 17 5
12 18 6
12 19 7
12 20 8
12 21 9
12 22 10
12 23 11
12 24 12
12 25 13
12 26 14
12 27 15
12 28 16
12 29 17
12 30 18
12 31 19
12 32 20
12 33 21
12 34 22
12 35 23
12 36 24
12 37 25
12 38 26
12 39 27
12 40 28
12 41 29
12 42 30
12 43 31
12 44 32
12 45 33
12 46 34
12 47 35
12 48 36
12 49 37
12 50 38
12 51 39
12 52 40
12 53 41
12 54 42
12 55 43
12 56 44
12 57 45
12 58 46
12 59 47
12 60 48
12 61 49
12 62 50
12 63 51
12 64 52
12 65 53
12 66 54
12 67 55
12 68 56
12 69 57
12 70 58
12 71 59
12 72 60
12 73 61
12 74 62
13 14 1
13 15 2
13 16 3
13 17 4
13 18 5
13 19 6
13 20 7
13 21 8
13 22 9
13 23 10
13 24 11
13 25 12
13 26 13
13 27 14
13 28 15
13 29 16
13 30 17
13 31 18
13 32 19
13 33 20
13 34 21
13 35 22
13 36 23
13 37 24
13 38 25
13 39 26
13 40 27
13 41 28
13 42 29
13 43 30
13 44 31
13 45 32
13 46 33
13 47 34
13 48 35
13 49 36
13 50 37
13 51 38
13 52 39
13 53 40
13 54 41
13 55 42
13 56 43
13 57 44
13 58 45
13 59 46
13 60 47
13 61 48
13 62 49
13 63 50
13 64 51
13 65 52
13 66 53
13 67 54
13 68 55
13 69 56
13 70 57
13 71 58
13 72 59
13 73 60
13 74 61
14 15 1
14 16 2
14 17 3
14 18 4
14 19 5
14 20 6
14 21 7
14 22 8
14 23 9
14 24 10
14 25 11
14 26 12
14 27 13
14 28 14
14 29 15
14 30 16
14 31 17
14 32 18
14 33 19
14 34 20
14 35 21
14 36 22
14 37 23
14 38 24
14 39 25
14 40 26
14 41 27
14 42 28
14 43 29
14 44 30
14 45 31
14 46 32
14 47 33
14 48 34
14 49 35
14 50 36
14 51 37
14 52 38
14 53 39
14 54 40
14 55 41
14 56 42
14 57 43
14 58 44
14 59 45
14 60 46
14 61 47
14 62 48
14 63 49
14 64 50
14 65 51
14 66 52
14 67 53
14 68 54
14 69 55
14 70 56
14 71 57
14 72 58
14 73 59
14 74 60
15 16 1
15 17 2
15 18 3
15 19 4
15 20 5
15 21 6
15 22 7
15 23 8
15 24 9
15 25 10
15 26 11
15 27 12
15 28 13
15 29 14
15 30 15
15 31 16
15 32 17
15 33 18
15 34 19
15 35 20
15 36 21
15 37 22
15 38 23
15 39 24
15 40 25
15 41 26
15 42 27
15 43 28
15 44 29
15 45 30
15 46 31
15 47 32
15 48 33
15 49 34
15 50 35
15 51 36
15 52 37
15 53 38
15 54 39
15 55 40
15 56 41
15 57 42
15 58 43
15 59 44
15 60 45
15 61 46
15 62 47
15 63 48
15 64 49
15 65 50
15 66 51
15 67 52
15 68 53
15 69 54
15 70 55
15 71 56
15 72 57
15 73 58
15 74 59
16 17 1
16 18 2
16 19 3
16 20 4
16 21 5
16 22 6
16 23 7
16 24 8
16 25 9
16 26 10
16 27 11
16 28 12
16 29 13
16 30 14
16 31 15
16 32 16
16 33 17
16 34 18
16 35 19
16 36 20
16 37 21
16 38 22
16 39 23
16 40 24
16 41 25
16 42 26
16 43 27
16 44 28
16 45 29
16 46 30
16 47 31
16 48 32
16 49 33
16 50 34
16 51 35
16 52 36
16 53 37
16 54 38
16 55 39
16 56 40
16 57 41
16 58 42
16 59 43
16 60 44
16 61 45
16 62 46
16 63 47
16 64 48
16 65 49
16 66 50
16 67 51
16 68 52
16 69 53
16 70 54
16 71 55
16 72 56
16 73 57
16 74 58
17 18 1
17 19 2
17 20 3
17 21 4
17 22 5
17 23 6
17 24 7
17 25 8
17 26 9
17 27 10
17 28 11
17 29 12
17 30 13
17 31 14
17 32 15
17 33 16
17 34 17
17 35 18
17 36 19
17 37 20
17 38 21
17 39 22
17 40 23
17 41 24
17 42 25
17 43 26
17 44 27
17 45 28
17 46 29
17 47 30
17 48 31
17 49 32
17 50 33
17 51 34
17 52 35
17 53 36
17 54 37
17 55 38
17 56 39
17 57 40
17 58 41
17 59 42
17 60 43
17 61 44
17 62 45
17 63 46
17 64 47
17 65 48
17 66 49
17 67 50
17 68 51
17 69 52
17 70 53
17 71 54
17 72 55
17 73 56
17 74 57
18 19 1
18 20 2
18 21 3
18 22 4
18 23 5
18 24 6
18 25 7
18 26 8
18 27 9
18 28 10
18 29 11
18 30 12
18 31 13
18 32 14
18 33 15
18 34 16
18 35 17
18 36 18
18 37 19
18 38 20
18 39 21
18 40 22
18 41 23
18 42 24
18 43 25
18 44 26
18 45 27
18 46 28
18 47 29
18 48 30
18 49 31
18 50 32
18 51 33
18 52 34
18 53 35
18 54 36
18 55 37
18 56 38
18 57 39
18 58 40
18 59 41
18 60 42
18 61 43
18 62 44
18 63 45
18 64 46
18 65 47
18 66 48
18 67 49
18 68 50
18 69 51
18 70 52
18 71 53
18 72 54
18 73 55
18 74 56
19 20 1
19 21 2
19 22 3
19 23 4
19 24 5
19 25 6
19 26 7
19 27 8
19 28 9
19 29 10
19 30 11
19 31 12
19 32 13
19 33 14
19 34 15
19 35 16
19 36 17
19 37 18
19 38 19
19 39 20
19 40 21
19 41 22
19 42 23
19 43 24
19 44 25
19 45 26
19 46 27
19 47 28
19 48 29
19 49 30
19 50 31
19 51 32
19 52 33
19 53 34
19 54 35
19 55 36
19 56 37
19 57 38
19 58 39
19 59 40
19 60 41
19 61 42
19 62 43
19 63 44
19 64 45
19 65 46
19 66 47
19 67 48
19 68 49
19 69 50
19 70 51
19 71 52
19 72 53
19 73 54
19 74 55
20 21 1
20 22 2
20 23 3
20 24 4
20 25 5
20 26 6
20 27 7
20 28 8
20 29 9
20 30 10
20 31 11
20 32 12
20 33 13
20 34 14
20 35 15
20 36 16
20 37 17
20 38 18
20 39 19
20 40 20
20 41 21
20 42 22
20 43 23
20 44 24
20 45 25
20 46 26
20 47 27
20 48 28
20 49 29
20 50 30
20 51 31
20 52 32
20 53 33
20 54 34
20 55 35
20 56 36
20 57 37
20 58 38
20 59 39
20 60 40
20 61 41
20 62 42
20 63 43
20 64 44
20 65 45
20 66 46
20 67 47
20 68 48
20 69 49
20 70 50
20 71 51
20 72 52
20 73 53
20 74 54
21 22 1
21 23 2
21 24 3
21 25 4
21 26 5
21 27 6
21 28 7
21 29 8
21 30 9
21 31 10
21 32 11
21 33 12
21 34 13
21 35 14
21 36 15
21 37 16
21 38 17
21 39 18
21 40 19
21 41 20
21 42 21
21 43 22
21 44 23
21 45 24
21 46 25
21 47 26
21 48 27
21 49 28
21 50 29
21 51 30
21 52 31
21 53 32
21 54 33
21 55 34
21 56 35
21 57 36
21 58 37
21 59 38
21 60 39
21 61 40
21 62 41
21 63 42
21 64 43
21 65 44
21 66 45
21 67 46
21 68 47
21 69 48
21 70 49
21 71 50
21 72 51
21 73 52
21 74 53
22 23 1
22 24 2
22 25 3
22 26 4
22 27 5
22 28 6
22 29 7
22 30 8
22 31 9
22 32 10
22 33 11
22 34 12
22 35 13
22 36 14
22 37 15
22 38 16
22 39 17
22 40 18
22 41 19
22 42 20
22 43 21
22 44 22
22 45 23
22 46 24
22 47 25
22 48 26
22 49 27
22 50 28
22 51 29
22 52 30
22 53 31
22 54 32
22 55 33
22 56 34
22 57 35
22 58 36
22 59 37
22 60 38
22 61 39
22 62 40
22 63 41
22 64 42
22 65 43
22 66 44
22 67 45
22 68 46
22 69 47
22 70 48
22 71 49
22 72 50
22 73 51
22 74 52
23 24 1
23 25 2
23 26 3
23 27 4
23 28 5
23 29 6
23 30 7
23 31 8
23 32 9
23 33 10
23 34 11
23 35 12
23 36 13
23 37 14
23 38 15
23 39 16
23 40 17
23 41 18
23 42 19
23 43 20
23 44 21
23 45 22
23 46 23
23 47 24
23 48 25
23 49 26
23 50 27
23 51 28
23 52 29
23 53 30
23 54 31
23 55 32
23 56 33
23 57 34
23 58 35
23 59 36
23 60 37
23 61 38
23 62 39
23 63 40
23 64 41
23 65 42
23 66 43
23 67 44
23 68 45
23 69 46
23 70 47
23 71 48
23 72 49
23 73 50
23 74 51
24 25 1
24 26 2
24 27 3
24 28 4
24 29 5
24 30 6
24 31 7
24 32 8
24 33 9
24 34 10
24 35 11
24 36 12
24 37 13
24 38 14
24 39 15
24 40 16
24 41 17
24 42 18
24 43 19
24 44 20
24 45 21
24 46 22
24 47 23
24 48 24
24 49 25
24 50 26
24 51 27
24 52 28
24 53 29
24 54 30
24 55 31
24 56 32
24 57 33
24 58 34
24 59 35
24 60 36
24 61 37
24 62 38
24 63 39
24 64 40
24 65 41
24 66 42
24 67 43
24 68 44
24 69 45
24 70 46
24 71 47
24 72 48
24 73 49
24 74 50
25 26 1
25 27 2
25 28 3
25 29 4
25 30 5
25 31 6
25 32 7
25 33 8
25 34 9
25 35 10
25 36 11
25 37 12
25 38 13
25 39 14
25 40 15
25 41 16
25 42 17
25 43 18
25 44 19
25 45 20
25 46 21
25 47 22
25 48 23
25 49 24
25 50 25
25 51 26
25 52 27
25 53 28
25 54 29
25 55 30
25 56 31
25 57 32
25 58 33
25 59 34
25 60 35
25 61 36
25 62 37
25 63 38
25 64 39
25 65 40
25 66 41
25 67 42
25 68 43
25 69 44
25 70 45
25 71 46
25 72 47
25 73 48
25 74 49
26 27 1
26 28 2
26 29 3
26 30 4
26 31 5
26 32 6
26 33 7
26 34 8
26 35 9
26 36 10
26 37 11
26 38 12
26 39 13
26 40 14
26 41 15
26 42 16
26 43 17
26 44 18
26 45 19
26 46 20
26 47 21
26 48 22
26 49 23
26 50 24
26 51 25
26 52 26
26 53 27
26 54 28
26 55 29
26 56 30
26 57 31
26 58 32
26 59 33
26 60 34
26 61 35
26 62 36
26 63 37
26 64 38
26 65 39
26 66 40
26 67 41
26 68 42
26 69 43
26 70 44
26 71 45
26 72 46
26 73 47
26 74 48
27 28 1
27 29 2
27 30 3
27 31 4
27 32 5
27 33 6
27 34 7
27 35 8
27 36 9
27 37 10
27 38 11
27 39 12
27 40 13
27 41 14
27 42 15
27 43 16
27 44 17
27 45 18
27 46 19
27 47 20
27 48 21
27 49 22
27 50 23
27 51 24
27 52 25
27 53 26
27 54 27
27 55 28
27 56 29
27 57 30
27 58 31
27 59 32
27 60 33
27 61 34
27 62 35
27 63 36
27 64 37
27 65 38
27 66 39
27 67 40
27 68 41
27 69 42
27 70 43
27 71 44
27 72 45
27 73 46
27 74 47
28 29 1
28 30 2
28 31 3
28 32 4
28 33 5
28 34 6
28 35 7
28 36 8
28 37 9
28 38 10
28 39 11
28 40 12
28 41 13
28 42 14
28 43 15
28 44 16
28 45 17
28 46 18
28 47 19
28 48 20
28 49 21
28 50 22
28 51 23
28 52 24
28 53 25
28 54 26
28 55 27
28 56 28
28 57 29
28 58 30
28 59 31
28 60 32
28 61 33
28 62 34
28 63 35
28 64 36
28 65 37
28 66 38
28 67 39
28 68 40
28 69 41
28 70 42
28 71 43
28 72 44
28 73 45
28 74 46
29 30 1
29 31 2
29 32 3
29 33 4
29 34 5
29 35 6
29 36 7
29 37 8
29 38 9
29 39 10
29 40 11
29 41 12
29 42 13
29 43 14
29 44 15
29 45 16
29 46 17
29 47 18
29 48 19
29 49 20
29 50 21
29 51 22
29 52 23
29 53 24
29 54 25
29 55 26
29 56 27
29 57 28
29 58 29
29 59 30
29 60 31
29 61 32
29 62 33
29 63 34
29 64 35
29 65 36
29 66 37
29 67 38
29 68 39
29 69 40
29 70 41
29 71 42
29 72 43
29 73 44
29 74 45
30 31 1
30 32 2
30 33 3
30 34 4
30 35 5
30 36 6
30 37 7
30 38 8
30 39 9
30 40 10
30 41 11
30 42 12
30 43 13
30 44 14
30 45 15
30 46 16
30 47 17
30 48 18
30 49 19
30 50 20
30 51 21
30 52 22
30 53 23
30 54 24
30 55 25
30 56 26
30 57 27
30 58 28
30 59 29
30 60 30
30 61 31
30 62 32
30 63 33
30 64 34
30 65 35
30 66 36
30 67 37
30 68 38
30 69 39
30 70 40
30 71 41
30 72 42
30 73 43
30 74 44
31 32 1
31 33 2
31 34 3
31 35 4
31 36 5
31 37 6
31 38 7
31 39 8
31 40 9
31 41 10
31 42 11
31 43 12
31 44 13
31 45 14
31 46 15
31 47 16
31 48 17
31 49 18
31 50 19
31 51 20
31 52 21
31 53 22
31 54 23
31 55 24
31 56 25
31 57 26
31 58 27
31 59 28
31 60 29
31 61 30
31 62 31
31 63 32
31 64 33
31 65 34
31 66 35
31 67 36
31 68 37
31 69 38
31 70 39
31 71 40
31 72 41
31 73 42
31 74 43
32 33 1
32 34 2
32 35 3
32 36 4
32 37 5
32 38 6
32 39 7
32 40 8
32 41 9
32 42 10
32 43 11
32 44 12
32 45 13
32 46 14
32 47 15
32 48 16
32 49 17
32 50 18
32 51 19
32 52 20
32 53 21
32 54 22
32 55 23
32 56 24
32 57 25
32 58 26
32 59 27
32 60 28
32 61 29
32 62 30
32 63 31
32 64 32
32 65 33
32 66 34
32 67 35
32 68 36
32 69 37
32 70 38
32 71 39
32 72 40
32 73 41
32 74 42
33 34 1
33 35 2
33 36 3
33 37 4
33 38 5
33 39 6
33 40 7
33 41 8
33 42 9
33 43 10
33 44 11
33 45 12
33 46 13
33 47 14
33 48 15
33 49 16
33 50 17
33 51 18
33 52 19
33 53 20
33 54 21
33 55 22
33 56 23
33 57 24
33 58 25
33 59 26
33 60 27
33 61 28
33 62 29
33 63 30
33 64 31
33 65 32
33 66 33
33 67 34
33 68 35
33 69 36
33 70 37
33 71 38
33 72 39
33 73 40
33 74 41
34 35 1
34 36 2
34 37 3
34 38 4
34 39 5
34 40 6
34 41 7
34 42 8
34 43 9
34 44 10
34 45 11
34 46 12
34 47 13
34 48 14
34 49 15
34 50 16
34 51 17
34 52 18
34 53 19
34 54 20
34 55 21
34 56 22
34 57 23
34 58 24
34 59 25
34 60 26
34 61 27
34 62 28
34 63 29
34 64 30
34 65 31
34 66 32
34 67 33
34 68 34
34 69 35
34 70 36
34 71 37
34 72 38
34 73 39
34 74 40
35 36 1
35 37 2
35 38 3
35 39 4
35 40 5
35 41 6
35 42 7
35 43 8
35 44 9
35 45 10
35 46 11
35 47 12
35 48 13
35 49 14
35 50 15
35 51 16
35 52 17
35 53 18
35 54 19
35 55 20
35 56 21
35 57 22
35 58 23
35 59 24
35 60 25
35 61 26
35 62 27
35 63 28
35 64 29
35 65 30
35 66 31
35 67 32
35 68 33
35 69 34
35 70 35
35 71 36
35 72 37
35 73 38
35 74 39
36 37 1
36 38 2
36 39 3
36 40 4
36 41 5
36 42 6
36 43 7
36 44 8
36 45 9
36 46 10
36 47 11
36 48 12
36 49 13
36 50 14
36 51 15
36 52 16
36 53 17
36 54 18
36 55 19
36 56 20
36 57 21
36 58 22
36 59 23
36 60 24
36 61 25
36 62 26
36 63 27
36 64 28
36 65 29
36 66 30
36 67 31
36 68 32
36 69 33
36 70 34
36 71 35
36 72 36
36 73 37
36 74 38
37 38 1
37 39 2
37 40 3
37 41 4
37 42 5
37 43 6
37 44 7
37 45 8
37 46 9
37 47 10
37 48 11
37 49 12
37 50 13
37 51 14
37 52 15
37 53 16
37 54 17
37 55 18
37 56 19
37 57 20
37 58 21
37 59 22
37 60 23
37 61 24
37 62 25
37 63 26
37 64 27
37 65 28
37 66 29
37 67 30
37 68 31
37 69 32
37 70 33
37 71 34
37 72 35
37 73 36
37 74 37
38 39 1
38 40 2
38 41 3
38 42 4
38 43 5
38 44 6
38 45 7
38 46 8
38 47 9
38 48 10
38 49 11
38 50 12
38 51 13
38 52 14
38 53 15
38 54 16
38 55 17
38 56 18
38 57 19
38 58 20
38 59 21
38 60 22
38 61 23
38 62 24
38 63 25
38 64 26
38 65 27
38 66 28
38 67 29
38 68 30
38 69 31
38 70 32
38 71 33
38 72 34
38 73 35
38 74 36
39 40 1
39 41 2
39 42 3
39 43 4
39 44 5
39 45 6
39 46 7
39 47 8
39 48 9
39 49 10
39 50 11
39 51 12
39 52 13
39 53 14
39 54 15
39 55 16
39 56 17
39 57 18
39 58 19
39 59 20
39 60 21
39 61 22
39 62 23
39 63 24
39 64 25
39 65 26
39 66 27
39 67 28
39 68 29
39 69 30
39 70 31
39 71 32
39 72 33
39 73 34
39 74 35
40 41 1
40 42 2
40 43 3
40 44 4
40 45 5
40 46 6
40 47 7
40 48 8
40 49 9
40 50 10
40 51 11
40 52 12
40 53 13
40 54 14
40 55 15
40 56 16
40 57 17
40 58 18
40 59 19
40 60 20
40 61 21
40 62 22
40 63 23
40 64 24
40 65 25
40 66 26
40 67 27
40 68 28
40 69 29
40 70 30
40 71 31
40 72 32
40 73 33
40 74 34
41 42 1
41 43 2
41 44 3
41 45 4
41 46 5
41 47 6
41 48 7
41 49 8
41 50 9
41 51 10
41 52 11
41 53 12
41 54 13
41 55 14
41 56 15
41 57 16
41 58 17
41 59 18
41 60 19
41 61 20
41 62 21
41 63 22
41 64 23
41 65 24
41 66 25
41 67 26
41 68 27
41 69 28
41 70 29
41 71 30
41 72 31
41 73 32
41 74 33
42 43 1
42 44 2
42 45 3
42 46 4
42 47 5
42 48 6
42 49 7
42 50 8
42 51 9
42 52 10
42 53 11
42 54 12
42 55 13
42 56 14
42 57 15
42 58 16
42 59 17
42 60 18
42 61 19
42 62 20
42 63 21
42 64 22
42 65 23
42 66 24
42 67 25
42 68 26
42 69 27
42 70 28
42 71 29
42 72 30
42 73 31
42 74 32
43 44 1
43 45 2
43 46 3
43 47 4
43 48 5
43 49 6
43 50 7
43 51 8
43 52 9
43 53 10
43 54 11
43 55 12
43 56 13
43 57 14
43 58 15
43 59 16
43 60 17
43 61 18
43 62 19
43 63 20
43 64 21
43 65 22
43 66 23
43 67 24
43 68 25
43 69 26
43 70 27
43 71 28
43 72 29
43 73 30
43 74 31
44 45 1
44 46 2
44 47 3
44 48 4
44 49 5
44 50 6
44 51 7
44 52 8
44 53 9
44 54 10
44 55 11
44 56 12
44 57 13
44 58 14
44 59 15
44 60 16
44 61 17
44 62 18
44 63 19
44 64 20
44 65 21
44 66 22
44 67 23
44 68 24
44 69 25
44 70 26
44 71 27
44 72 28
44 73 29
44 74 30
45 46 1
45 47 2
45 48 3
45 49 4
45 50 5
45 51 6
45 52 7
45 53 8
45 54 9
45 55 10
45 56 11
45 57 12
45 58 13
45 59 14
45 60 15
45 61 16
45 62 17
45 63 18
45 64 19
45 65 20
45 66 21
45 67 22
45 68 23
45 69 24
45 70 25
45 71 26
45 72 27
45 73 28
45 74 29
46 47 1
46 48 2
46 49 3
46 50 4
46 51 5
46 52 6
46 53 7
46 54 8
46 55 9
46 56 10
46 57 11
46 58 12
46 59 13
46 60 14
46 61 15
46 62 16
46 63 17
46 64 18
46 65 19
46 66 20
46 67 21
46 68 22
46 69 23
46 70 24
46 71 25
46 72 26
46 73 27
46 74 28
47 48 1
47 49 2
47 50 3
47 51 4
47 52 5
47 53 6
47 54 7
47 55 8
47 56 9
47 57 10
47 58 11
47 59 12
47 60 13
47 61 14
47 62 15
47 63 16
47 64 17
47 65 18
47 66 19
47 67 20
47 68 21
47 69 22
47 70 23
47 71 24
47 72 25
47 73 26
47 74 27
48 49 1
48 50 2
48 51 3
48 52 4
48 53 5
48 54 6
48 55 7
48 56 8
48 57 9
48 58 10
48 59 11
48 60 12
48 61 13
48 62 14
48 63 15
48 64 16
48 65 17
48 66 18
48 67 19
48 68 20
48 69 21
48 70 22
48 71 23
48 72 24
48 73 25
48 74 26
49 50 1
49 51 2
49 52 3
49 53 4
49 54 5
49 55 6
49 56 7
49 57 8
49 58 9
49 59 10
49 60 11
49 61 12
49 62 13
49 63 14
49 64 15
49 65 16
49 66 17
49 67 18
49 68 19
49 69 20
49 70 21
49 71 22
49 72 23
49 73 24
49 74 25
50 51 1
50 52 2
50 53 3
50 54 4
50 55 5
50 56 6
50 57 7
50 58 8
50 59 9
50 60 10
50 61 11
50 62 12
50 63 13
50 64 14
50 65 15
50 66 16
50 67 17
50 68 18
50 69 19
50 70 20
50 71 21
50 72 22
50 73 23
50 74 24
51 52 1
51 53 2
51 54 3
51 55 4
51 56 5
51 57 6
51 58 7
51 59 8
51 60 9
51 61 10
51 62 11
51 63 12
51 64 13
51 65 14
51 66 15
51 67 16
51 68 17
51 69 18
51 70 19
51 71 20
51 72 21
51 73 22
51 74 23
52 53 1
52 54 2
52 55 3
52 56 4
52 57 5
52 58 6
52 59 7
52 60 8
52 61 9
52 62 10
52 63 11
52 64 12
52 65 13
52 66 14
52 67 15
52 68 16
52 69 17
52 70 18
52 71 19
52 72 20
52 73 21
52 74 22
53 54 1
53 55 2
53 56 3
53 57 4
53 58 5
53 59 6
53 60 7
53 61 8
53 62 9
53 63 10
53 64 11
53 65 12
53 66 13
53 67 14
53 68 15
53 69 16
53 70 17
53 71 18
53 72 19
53 73 20
53 74 21
54 55 1
54 56 2
54 57 3
54 58 4
54 59 5
54 60 6
54 61 7
54 62 8
54 63 9
54 64 10
54 65 11
54 66 12
54 67 13
54 68 14
54 69 15
54 70 16
54 71 17
54 72 18
54 73 19
54 74 20
55 56 1
55 57 2
55 58 3
55 59 4
55 60 5
55 61 6
55 62 7
55 63 8
55 64 9
55 65 10
55 66 11
55 67 12
55 68 13
55 69 14
55 70 15
55 71 16
55 72 17
55 73 18
55 74 19
56 57 1
56 58 2
56 59 3
56 60 4
56 61 5
56 62 6
56 63 7
56 64 8
56 65 9
56 66 10
56 67 11
56 68 12
56 69 13
56 70 14
56 71 15
56 72 16
56 73 17
56 74 18
57 58 1
57 59 2
57 60 3
57 61 4
57 62 5
57 63 6
57 64 7
57 65 8
57 66 9
57 67 10
57 68 11
57 69 12
57 70 13
57 71 14
57 72 15
57 73 16
57 74 17
58 59 1
58 60 2
58 61 3
58 62 4
58 63 5
58 64 6
58 65 7
58 66 8
58 67 9
58 68 10
58 69 11
58 70 12
58 71 13
58 72 14
58 73 15
58 74 16
59 60 1
59 61 2
59 62 3
59 63 4
59 64 5
59 65 6
59 66 7
59 67 8
59 68 9
59 69 10
59 70 11
59 71 12
59 72 13
59 73 14
59 74 15
60 61 1
60 62 2
60 63 3
60 64 4
60 65 5
60 66 6
60 67 7
60 68 8
60 69 9
60 70 10
60 71 11
60 72 12
60 73 13
60 74 14
61 62 1
61 63 2
61 64 3
61 65 4
61 66 5
61 67 6
61 68 7
61 69 8
61 70 9
61 71 10
61 72 11
61 73 12
61 74 13
62 63 1
62 64 2
62 65 3
62 66 4
62 67 5
62 68 6
62 69 7
62 70 8
62 71 9
62 72 10
62 73 11
62 74 12
63 64 1
63 65 2
63 66 3
63 67 4
63 68 5
63 69 6
63 70 7
63 71 8
63 72 9
63 73 10
63 74 11
64 65 1
64 66 2
64 67 3
64 68 4
64 69 5
64 70 6
64 71 7
64 72 8
64 73 9
64 74 10
65 66 1
65 67 2
65 68 3
65 69 4
65 70 5
65 71 6
65 72 7
65 73 8
65 74 9
66 67 1
66 68 2
66 69 3
66 70 4
66 71 5
66 72 6
66 73 7
66 74 8
67 68 1
67 69 2
67 70 3
67 71 4
67 72 5
67 73 6
67 74 7
68 69 1
68 70 2
68 71 3
68 72 4
68 73 5
68 74 6
69 70 1
69 71 2
69 72 3
69 73 4
69 74 5
70 71 1
70 72 2
70 73 3
70 74 4
71 72 1
71 73 2
71 74 3
72 73 1
72 74 2
73 74 1
1 0 74
2 0 73
2 1 74
3 0 72
3 1 73
3 2 74
4 0 71
4 1 72
4 2 73
4 3 74
5 0 70
5 1 71
5 2 72
5 3 73
5 4 74
6 0 69
6 1 70
6 2 71
6 3 72
6 4 73
6 5 74
7 0 68
7 1 69
7 2 70
7 3 71
7 4 72
7 5 73
7 6 74
8 0 67
8 1 68
8 2 69
8 3 70
8 4 71
8 5 72
8 6 73
8 7 74
9 0 66
9 1 67
9 2 68
9 3 69
9 4 70
9 5 71
9 6 72
9 7 73
9 8 74
10 0 65
10 1 66
10 2 67
10 3 68
10 4 69
10 5 70
10 6 71
10 7 72
10 8 73
10 9 74
11 0 64
11 1 65
11 2 66
11 3 67
11 4 68
11 5 69
11 6 70
11 7 71
11 8 72
11 9 73
11 10 74
12 0 63
12 1 64
12 2 65
12 3 66
12 4 67
12 5 68
12 6 69
12 7 70
12 8 71
12 9 72
12 10 73
12 11 74
13 0 62
13 1 63
13 2 64
13 3 65
13 4 66
13 5 67
13 6 68
13 7 69
13 8 70
13 9 71
13 10 72
13 11 73
13 12 74
14 0 61
14 1 62
14 2 63
14 3 64
14 4 65
14 5 66
14 6 67
14 7 68
14 8 69
14 9 70
14 10 71
14 11 72
14 12 73
14 13 74
15 0 60
15 1 61
15 2 62
15 3 63
15 4 64
15 5 65
15 6 66
15 7 67
15 8 68
15 9 69
15 10 70
15 11 71
15 12 72
15 13 73
15 14 74
16 0 59
16 1 60
16 2 61
16 3 62
16 4 63
16 5 64
16 6 65
16 7 66
16 8 67
16 9 68
16 10 69
16 11 70
16 12 71
16 13 72
16 14 73
16 15 74
17 0 58
17 1 59
17 2 60
17 3 61
17 4 62
17 5 63
17 6 64
17 7 65
17 8 66
17 9 67
17 10 68
17 11 69
17 12 70
17 13 71
17 14 72
17 15 73
17 16 74
18 0 57
18 1 58
18 2 59
18 3 60
18 4 61
18 5 62
18 6 63
18 7 64
18 8 65
18 9 66
18 10 67
18 11 68
18 12 69
18 13 70
18 14 71
18 15 72
18 16 73
18 17 74
19 0 56
19 1 57
19 2 58
19 3 59
19 4 60
19 5 61
19 6 62
19 7 63
19 8 64
19 9 65
19 10 66
19 11 67
19 12 68
19 13 69
19 14 70
19 15 71
19 16 72
19 17 73
19 18 74
20 0 55
20 1 56
20 2 57
20 3 58
20 4 59
20 5 60
20 6 61
20 7 62
20 8 63
20 9 64
20 10 65
20 11 66
20 12 67
20 13 68
20 14 69
20 15 70
20 16 71
20 17 72
20 18 73
20 19 74
21 0 54
21 1 55
21 2 56
21 3 57
21 4 58
21 5 59
21 6 60
21 7 61
21 8 62
21 9 63
21 10 64
21 11 65
21 12 66
21 13 67
21 14 68
21 15 69
21 16 70
21 17 71
21 18 72
21 19 73
21 20 74
22 0 53
22 1 54
22 2 55
22 3 56
22 4 57
22 5 58
22 6 59
22 7 60
22 8 61
22 9 62
22 10 63
22 11 64
22 12 65
22 13 66
22 14 67
22 15 68
22 16 69
22 17 70
22 18 71
22 19 72
22 20 73
22 21 74
23 0 52
23 1 53
23 2 54
23 3 55
23 4 56
23 5 57
23 6 58
23 7 59
23 8 60
23 9 61
23 10 62
23 11 63
23 12 64
23 13 65
23 14 66
23 15 67
23 16 68
23 17 69
23 18 70
23 19 71
23 20 72
23 21 73
23 22 74
24 0 51
24 1 52
24 2 53
24 3 54
24 4 55
24 5 56
24 6 57
24 7 58
24 8 59
24 9 60
24 10 61
24 11 62
24 12 63
24 13 64
24 14 65
24 15 66
24 16 67
24 17 68
24 18 69
24 19 70
24 20 71
24 21 72
24 22 73
24 23 74
25 0 50
25 1 51
25 2 52
25 3 53
25 4 54
25 5 55
25 6 56
25 7 57
25 8 58
25 9 59
25 10 60
25 11 61
25 12 62
25 13 63
25 14 64
25 15 65
25 16 66
25 17 67
25 18 68
25 19 69
25 20 70
25 21 71
25 22 72
25 23 73
25 24 74
26 0 49
26 1 50
26 2 51
26 3 52
26 4 53
26 5 54
26 6 55
26 7 56
26 8 57
26 9 58
26 10 59
26 11 60
26 12 61
26 13 62
26 14 63
26 15 64
26 16 65
26 17 66
26 18 67
26 19 68
26 20 69
26 21 70
26 22 71
26 23 72
26 24 73
26 25 74
27 0 48
27 1 49
27 2 50
27 3 51
27 4 52
27 5 53
27 6 54
27 7 55
27 8 56
27 9 57
27 10 58
27 11 59
27 12 60
27 13 61
27 14 62
27 15 63
27 16 64
27 17 65
27 18 66
27 19 67
27 20 68
27 21 69
27 22 70
27 23 71
27 24 72
27 25 73
27 26 74
28 0 47
28 1 48
28 2 49
28 3 50
28 4 51
28 5 52
28 6 53
28 7 54
28 8 55
28 9 56
28 10 57
28 11 58
28 12 59
28 13 60
28 14 61
28 15 62
28 16 63
28 17 64
28 18 65
28 19 66
28 20 67
28 21 68
28 22 69
28 23 70
28 24 71
28 25 72
28 26 73
28 27 74
29 0 46
29 1 47
29 2 48
29 3 49
29 4 50
29 5 51
29 6 52
29 7 53
29 8 54
29 9 55
29 10 56
29 11 57
29 12 58
29 13 59
29 14 60
29 15 61
29 16 62
29 17 63
29 18 64
29 19 65
29 20 66
29 21 67
29 22 68
29 23 69
29 24 70
29 25 71
29 26 72
29 27 73
29 28 74
30 0 45
30 1 46
30 2 47
30 3 48
30 4 49
30 5 50
30 6 51
30 7 52
30 8 53
30 9 54
30 10 55
30 11 56
30 12 57
30 13 58
30 14 59
30 15 60
30 16 61
30 17 62
30 18 63
30 19 64
30 20 65
30 21 66
30 22 67
30 23 68
30 24 69
30 25 70
30 26 71
30 27 72
30 28 73
30 29 74
31 0 44
31 1 45
31 2 46
31 3 47
31 4 48
31 5 49
31 6 50
31 7 51
31 8 52
31 9 53
31 10 54
31 11 55
31 12 56
31 13 57
31 14 58
31 15 59
31 16 60
31 17 61
31 18 62
31 19 63
31 20 64
31 21 65
31 22 66
31 23 67
31 24 68
31 25 69
31 26 70
31 27 71
31 28 72
31 29 73
31 30 74
32 0 43
32 1 44
32 2 45
32 3 46
32 4 47
32 5 48
32 6 49
32 7 50
32 8 51
32 9 52
32 10 53
32 11 54
32 12 55
32 13 56
32 14 57
32 15 58
32 16 59
32 17 60
32 18 61
32 19 62
32 20 63
32 21 64
32 22 65
32 23 66
32 24 67
32 25 68
32 26 69
32 27 70
32 28 71
32 29 72
32 30 73
32 31 74
33 0 42
33 1 43
33 2 44
33 3 45
33 4 46
33 5 47
33 6 48
33 7 49
33 8 50
33 9 51
33 10 52
33 11 53
33 12 54
33 13 55
33 14 56
33 15 57
33 16 58
33 17 59
33 18 60
33 19 61
33 20 62
33 21 63
33 22 64
33 23 65
33 24 66
33 25 67
33 26 68
33 27 69
33 28 70
33 29 71
33 30 72
33 31 73
33 32 74
34 0 41
34 1 42
34 2 43
34 3 44
34 4 45
34 5 46
34 6 47
34 7 48
34 8 49
34 9 50
34 10 51
34 11 52
34 12 53
34 13 54
34 14 55
34 15 56
34 16 57
34 17 58
34 18 59
34 19 60
34 20 61
34 21 62
34 22 63
34 23 64
34 24 65
34 25 66
34 26 67
34 27 68
34 28 69
34 29 70
34 30 71
34 31 72
34 32 73
34 33 74
35 0 40
35 1 41
35 2 42
35 3 43
35 4 44
35 5 45
35 6 46
35 7 47
35 8 48
35 9 49
35 10 50
35 11 51
35 12 52
35 13 53
35 14 54
35 15 55
35 16 56
35 17 57
35 18 58
35 19 59
35 20 60
35 21 61
35 22 62
35 23 63
35 24 64
35 25 65
35 26 66
35 27 67
35 28 68
35 29 69
35 30 70
35 31 71
35 32 72
35 33 73
35 34 74
36 0 39
36 1 40
36 2 41
36 3 42
36 4 43
36 5 44
36 6 45
36 7 46
36 8 47
36 9 48
36 10 49
36 11 50
36 12 51
36 13 52
36 14 53
36 15 54
36 16 55
36 17 56
36 18 57
36 19 58
36 20 59
36 21 60
36 22 61
36 23 62
36 24 63
36 25 64
36 26 65
36 27 66
36 28 67
36 29 68
36 30 69
36 31 70
36 32 71
36 33 72
36 34 73
36 35 74
37 0 38
37 1 39
37 2 40
37 3 41
37 4 42
37 5 43
37 6 44
37 7 45
37 8 46
37 9 47
37 10 48
37 11 49
37 12 50
37 13 51
37 14 52
37 15 53
37 16 54
37 17 55
37 18 56
37 19 57
37 20 58
37 21 59
37 22 60
37 23 61
37 24 62
37 25 63
37 26 64
37 27 65
37 28 66
37 29 67
37 30 68
37 31 69
37 32 70
37 33 71
37 34 72
37 35 73
37 36 74
38 0 37
38 1 38
38 2 39
38 3 40
38 4 41
38 5 42
38 6 43
38 7 44
38 8 45
38 9 46
38 10 47
38 11 48
38 12 49
38 13 50
38 14 51
38 15 52
38 16 53
38 17 54
38 18 55
38 19 56
38 20 57
38 21 58
38 22 59
38 23 60
38 24 61
38 25 62
38 26 63
38 27 64
38 28 65
38 29 66
38 30 67
38 31 68
38 32 69
38 33 70
38 34 71
38 35 72
38 36 73
38 37 74
39 0 36
39 1 37
39 2 38
39 3 39
39 4 40
39 5 41
39 6 42
39 7 43
39 8 44
39 9 45
39 10 46
39 11 47
39 12 48
39 13 49
39 14 50
39 15 51
39 16 52
39 17 53
39 18 54
39 19 55
39 20 56
39 21 57
39 22 58
39 23 59
39 24 60
39 25 61
39 26 62
39 27 63
39 28 64
39 29 65
39 30 66
39 31 67
39 32 68
39 33 69
39 34 70
39 35 71
39 36 72
39 37 73
39 38 74
40 0 35
40 1 36
40 2 37
40 3 38
40 4 39
40 5 40
40 6 41
40 7 42
40 8 43
40 9 44
40 10 45
40 11 46
40 12 47
40 13 48
40 14 49
40 15 50
40 16 51
40 17 52
40 18 53
40 19 54
40 20 55
40 21 56
40 22 57
40 23 58
40 24 59
40 25 60
40 26 61
40 27 62
40 28 63
40 29 64
40 30 65
40 31 66
40 32 67
40 33 68
40 34 69
40 35 70
40 36 71
40 37 72
40 38 73
40 39 74
41 0 34
41 1 35
41 2 36
41 3 37
41 4 38
41 5 39
41 6 40
41 7 41
41 8 42
41 9 43
41 10 44
41 11 45
41 12 46
41 13 47
41 14 48
41 15 49
41 16 50
41 17 51
41 18 52
41 19 53
41 20 54
41 21 55
41 22 56
41 23 57
41 24 58
41 25 59
41 26 60
41 27 61
41 28 62
41 29 63
41 30 64
41 31 65
41 32 66
41 33 67
41 34 68
41 35 69
41 36 70
41 37 71
41 38 72
41 39 73
41 40 74
42 0 33
42 1 34
42 2 35
42 3 36
42 4 37
42 5 38
42 6 39
42 7 40
42 8 41
42 9 42
42 10 43
42 11 44
42 12 45
42 13 46
42 14 47
42 15 48
42 16 49
42 17 50
42 18 51
42 19 52
42 20 53
42 21 54
42 22 55
42 23 56
42 24 57
42 25 58
42 26 59
42 27 60
42 28 61
42 29 62
42 30 63
42 31 64
42 32 65
42 33 66
42 34 67
42 35 68
42 36 69
42 37 70
42 38 71
42 39 72
42 40 73
42 41 74
43 0 32
43 1 33
43 2 34
43 3 35
43 4 36
43 5 37
43 6 38
43 7 39
43 8 40
43 9 41
43 10 42
43 11 43
43 12 44
43 13 45
43 14 46
43 15 47
43 16 48
43 17 49
43 18 50
43 19 51
43 20 52
43 21 53
43 22 54
43 23 55
43 24 56
43 25 57
43 26 58
43 27 59
43 28 60
43 29 61
43 30 62
43 31 63
43 32 64
43 33 65
43 34 66
43 35 67
43 36 68
43 37 69
43 38 70
43 39 71
43 40 72
43 41 73
43 42 74
44 0 31
44 1 32
44 2 33
44 3 34
44 4 35
44 5 36
44 6 37
44 7 38
44 8 39
44 9 40
44 10 41
44 11 42
44 12 43
44 13 44
44 14 45
44 15 46
44 16 47
44 17 48
44 18 49
44 19 50
44 20 51
44 21 52
44 22 53
44 23 54
44 24 55
44 25 56
44 26 57
44 27 58
44 28 59
44 29 60
44 30 61
44 31 62
44 32 63
44 33 64
44 34 65
44 35 66
44 36 67
44 37 68
44 38 69
44 39 70
44 40 71
44 41 72
44 42 73
44 43 74
45 0 30
45 1 31
45 2 32
45 3 33
45 4 34
45 5 35
45 6 36
45 7 37
45 8 38
45 9 39
45 10 40
45 11 41
45 12 42
45 13 43
45 14 44
45 15 45
45 16 46
45 17 47
45 18 48
45 19 49
45 20 50
45 21 51
45 22 52
45 23 53
45 24 54
45 25 55
45 26 56
45 27 57
45 28 58
45 29 59
45 30 60
45 31 61
45 32 62
45 33 63
45 34 64
45 35 65
45 36 66
45 37 67
45 38 68
45 39 69
45 40 70
45 41 71
45 42 72
45 43 73
45 44 74
46 0 29
46 1 30
46 2 31
46 3 32
46 4 33
46 5 34
46 6 35
46 7 36
46 8 37
46 9 38
46 10 39
46 11 40
46 12 41
46 13 42
46 14 43
46 15 44
46 16 45
46 17 46
46 18 47
46 19 48
46 20 49
46 21 50
46 22 51
46 23 52
46 24 53
46 25 54
46 26 55
46 27 56
46 28 57
46 29 58
46 30 59
46 31 60
46 32 61
46 33 62
46 34 63
46 35 64
46 36 65
46 37 66
46 38 67
46 39 68
46 40 69
46 41 70
46 42 71
46 43 72
46 44 73
46 45 74
47 0 28
47 1 29
47 2 30
47 3 31
47 4 32
47 5 33
47 6 34
47 7 35
47 8 36
47 9 37
47 10 38
47 11 39
47 12 40
47 13 41
47 14 42
47 15 43
47 16 44
47 17 45
47 18 46
47 19 47
47 20 48
47 21 49
47 22 50
47 23 51
47 24 52
47 25 53
47 26 54
47 27 55
47 28 56
47 29 57
47 30 58
47 31 59
47 32 60
47 33 61
47 34 62
47 35 63
47 36 64
47 37 65
47 38 66
47 39 67
47 40 68
47 41 69
47 42 70
47 43 71
47 44 72
47 45 73
47 46 74
48 0 27
48 1 28
48 2 29
48 3 30
48 4 31
48 5 32
48 6 33
48 7 34
48 8 35
48 9 36
48 10 37
48 11 38
48 12 39
48 13 40
48 14 41
48 15 42
48 16 43
48 17 44
48 18 45
48 19 46
48 20 47
48 21 48
48 22 49
48 23 50
48 24 51
48 25 52
48 26 53
48 27 54
48 28 55
48 29 56
48 30 57
48 31 58
48 32 59
48 33 60
48 34 61
48 35 62
48 36 63
48 37 64
48 38 65
48 39 66
48 40 67
48 41 68
48 42 69
48 43 70
48 44 71
48 45 72
48 46 73
48 47 74
49 0 26
49 1 27
49 2 28
49 3 29
49 4 30
49 5 31
49 6 32
49 7 33
49 8 34
49 9 35
49 10 36
49 11 37
49 12 38
49 13 39
49 14 40
49 15 41
49 16 42
49 17 43
49 18 44
49 19 45
49 20 46
49 21 47
49 22 48
49 23 49
49 24 50
49 25 51
49 26 52
49 27 53
49 28 54
49 29 55
49 30 56
49 31 57
49 32 58
49 33 59
49 34 60
49 35 61
49 36 62
49 37 63
49 38 64
49 39 65
49 40 66
49 41 67
49 42 68
49 43 69
49 44 70
49 45 71
49 46 72
49 47 73
49 48 74
50 0 25
50 1 26
50 2 27
50 3 28
50 4 29
50 5 30
50 6 31
50 7 32
50 8 33
50 9 34
50 10 35
50 11 36
50 12 37
50 13 38
50 14 39
50 15 40
50 16 41
50 17 42
50 18 43
50 19 44
50 20 45
50 21 46
50 22 47
50 23 48
50 24 49
50 25 50
50 26 51
50 27 52
50 28 53
50 29 54
50 30 55
50 31 56
50 32 57
50 33 58
50 34 59
50 35 60
50 36 61
50 37 62
50 38 63
50 39 64
50 40 65
50 41 66
50 42 67
50 43 68
50 44 69
50 45 70
50 46 71
50 47 72
50 48 73
50 49 74
51 0 24
51 1 25
51 2 26
51 3 27
51 4 28
51 5 29
51 6 30
51 7 31
51 8 32
51 9 33
51 10 34
51 11 35
51 12 36
51 13 37
51 14 38
51 15 39
51 16 40
51 17 41
51 18 42
51 19 43
51 20 44
51 21 45
51 22 46
51 23 47
51 24 48
51 25 49
51 26 50
51 27 51
51 28 52
51 29 53
51 30 54
51 31 55
51 32 56
51 33 57
51 34 58
51 35 59
51 36 60
51 37 61
51 38 62
51 39 63
51 40 64
51 41 65
51 42 66
51 43 67
51 44 68
51 45 69
51 46 70
51 47 71
51 48 72
51 49 73
51 50 74
52 0 23
52 1 24
52 2 25
52 3 26
52 4 27
52 5 28
52 6 29
52 7 30
52 8 31
52 9 32
52 10 33
52 11 34
52 12 35
52 13 36
52 14 37
52 15 38
52 16 39
52 17 40
52 18 41
52 19 42
52 20 43
52 21 44
52 22 45
52 23 46
52 24 47
52 25 48
52 26 49
52 27 50
52 28 51
52 29 52
52 30 53
52 31 54
52 32 55
52 33 56
52 34 57
52 35 58
52 36 59
52 37 60
52 38 61
52 39 62
52 40 63
52 41 64
52 42 65
52 43 66
52 44 67
52 45 68
52 46 69
52 47 70
52 48 71
52 49 72
52 50 73
52 51 74
53 0 22
53 1 23
53 2 24
53 3 25
53 4 26
53 5 27
53 6 28
53 7 29
53 8 30
53 9 31
53 10 32
53 11 33
53 12 34
53 13 35
53 14 36
53 15 37
53 16 38
53 17 39
53 18 40
53 19 41
53 20 42
53 21 43
53 22 44
53 23 45
53 24 46
53 25 47
53 26 48
53 27 49
53 28 50
53 29 51
53 30 52
53 31 53
53 32 54
53 33 55
53 34 56
53 35 57
53 36 58
53 37 59
53 38 60
53 39 61
53 40 62
53 41 63
53 42 64
53 43 65
53 44 66
53 45 67
53 46 68
53 47 69
53 48 70
53 49 71
53 50 72
53 51 73
53 52 74
54 0 21
54 1 22
54 2 23
54 3 24
54 4 25
54 5 26
54 6 27
54 7 28
54 8 29
54 9 30
54 10 31
54 11 32
54 12 33
54 13 34
54 14 35
54 15 36
54 16 37
54 17 38
54 18 39
54 19 40
54 20 41
54 21 42
54 22 43
54 23 44
54 24 45
54 25 46
54 26 47
54 27 48
54 28 49
54 29 50
54 30 51
54 31 52
54 32 53
54 33 54
54 34 55
54 35 56
54 36 57
54 37 58
54 38 59
54 39 60
54 40 61
54 41 62
54 42 63
54 43 64
54 44 65
54 45 66
54 46 67
54 47 68
54 48 69
54 49 70
54 50 71
54 51 72
54 52 73
54 53 74
55 0 20
55 1 21
55 2 22
55 3 23
55 4 24
55 5 25
55 6 26
55 7 27
55 8 28
55 9 29
55 10 30
55 11 31
55 12 32
55 13 33
55 14 34
55 15 35
55 16 36
55 17 37
55 18 38
55 19 39
55 20 40
55 21 41
55 22 42
55 23 43
55 24 44
55 25 45
55 26 46
55 27 47
55 28 48
55 29 49
55 30 50
55 31 51
55 32 52
55 33 53
55 34 54
55 35 55
55 36 56
55 37 57
55 38 58
55 39 59
55 40 60
55 41 61
55 42 62
55 43 63
55 44 64
55 45 65
55 46 66
55 47 67
55 48 68
55 49 69
55 50 70
55 51 71
55 52 72
55 53 73
55 54 74
56 0 19
56 1 20
56 2 21
56 3 22
56 4 23
56 5 24
56 6 25
56 7 26
56 8 27
56 9 28
56 10 29
56 11 30
56 12 31
56 13 32
56 14 33
56 15 34
56 16 35
56 17 36
56 18 37
56 19 38
56 20 39
56 21 40
56 22 41
56 23 42
56 24 43
56 25 44
56 26 45
56 27 46
56 28 47
56 29 48
56 30 49
56 31 50
56 32 51
56 33 52
56 34 53
56 35 54
56 36 55
56 37 56
56 38 57
56 39 58
56 40 59
56 41 60
56 42 61
56 43 62
56 44 63
56 45 64
56 46 65
56 47 66
56 48 67
56 49 68
56 50 69
56 51 70
56 52 71
56 53 72
56 54 73
56 55 74
57 0 18
57 1 19
57 2 20
57 3 21
57 4 22
57 5 23
57 6 24
57 7 25
57 8 26
57 9 27
57 10 28
57 11 29
57 12 30
57 13 31
57 14 32
57 15 33
57 16 34
57 17 35
57 18 36
57 19 37
57 20 38
57 21 39
57 22 40
57 23 41
57 24 42
57 25 43
57 26 44
57 27 45
57 28 46
57 29 47
57 30 48
57 31 49
57 32 50
57 33 51
57 34 52
57 35 53
57 36 54
57 37 55
57 38 56
57 39 57
57 40 58
57 41 59
57 42 60
57 43 61
57 44 62
57 45 63
57 46 64
57 47 65
57 48 66
57 49 67
57 50 68
57 51 69
57 52 70
57 53 71
57 54 72
57 55 73
57 56 74
58 0 17
58 1 18
58 2 19
58 3 20
58 4 21
58 5 22
58 6 23
58 7 24
58 8 25
58 9 26
58 10 27
58 11 28
58 12 29
58 13 30
58 14 31
58 15 32
58 16 33
58 17 34
58 18 35
58 19 36
58 20 37
58 21 38
58 22 39
58 23 40
58 24 41
58 25 42
58 26 43
58 27 44
58 28 45
58 29 46
58 30 47
58 31 48
58 32 49
58 33 50
58 34 51
58 35 52
58 36 53
58 37 54
58 38 55
58 39 56
58 40 57
58 41 58
58 42 59
58 43 60
58 44 61
58 45 62
58 46 63
58 47 64
58 48 65
58 49 66
58 50 67
58 51 68
58 52 69
58 53 70
58 54 71
58 55 72
58 56 73
58 57 74
59 0 16
59 1 17
59 2 18
59 3 19
59 4 20
59 5 21
59 6 22
59 7 23
59 8 24
59 9 25
59 10 26
59 11 27
59 12 28
59 13 29
59 14 30
59 15 31
59 16 32
59 17 33
59 18 34
59 19 35
59 20 36
59 21 37
59 22 38
59 23 39
59 24 40
59 25 41
59 26 42
59 27 43
59 28 44
59 29 45
59 30 46
59 31 47
59 32 48
59 33 49
59 34 50
59 35 51
59 36 52
59 37 53
59 38 54
59 39 55
59 40 56
59 41 57
59 42 58
59 43 59
59 44 60
59 45 61
59 46 62
59 47 63
59 48 64
59 49 65
59 50 66
59 51 67
59 52 68
59 53 69
59 54 70
59 55 71
59 56 72
59 57 73
59 58 74
60 0 15
60 1 16
60 2 17
60 3 18
60 4 19
60 5 20
60 6 21
60 7 22
60 8 23
60 9 24
60 10 25
60 11 26
60 12 27
60 13 28
60 14 29
60 15 30
60 16 31
60 17 32
60 18 33
60 19 34
60 20 35
60 21 36
60 22 37
60 23 38
60 24 39
60 25 40
60 26 41
60 27 42
60 28 43
60 29 44
60 30 45
60 31 46
60 32 47
60 33 48
60 34 49
60 35 50
60 36 51
60 37 52
60 38 53
60 39 54
60 40 55
60 41 56
60 42 57
60 43 58
60 44 59
60 45 60
60 46 61
60 47 62
60 48 63
60 49 64
60 50 65
60 51 66
60 52 67
60 53 68
60 54 69
60 55 70
60 56 71
60 57 72
60 58 73
60 59 74
61 0 14
61 1 15
61 2 16
61 3 17
61 4 18
61 5 19
61 6 20
61 7 21
61 8 22
61 9 23
61 10 24
61 11 25
61 12 26
61 13 27
61 14 28
61 15 29
61 16 30
61 17 31
61 18 32
61 19 33
61 20 34
61 21 35
61 22 36
61 23 37
61 24 38
61 25 39
61 26 40
61 27 41
61 28 42
61 29 43
61 30 44
61 31 45
61 32 46
61 33 47
61 34 48
61 35 49
61 36 50
61 37 51
61 38 52
61 39 53
61 40 54
61 41 55
61 42 56
61 43 57
61 44 58
61 45 59
61 46 60
61 47 61
61 48 62
61 49 63
61 50 64
61 51 65
61 52 66
61 53 67
61 54 68
61 55 69
61 56 70
61 57 71
61 58 72
61 59 73
61 60 74
62 0 13
62 1 14
62 2 15
62 3 16
62 4 17
62 5 18
62 6 19
62 7 20
62 8 21
62 9 22
62 10 23
62 11 24
62 12 25
62 13 26
62 14 27
62 15 28
62 16 29
62 17 30
62 18 31
62 19 32
62 20 33
62 21 34
62 22 35
62 23 36
62 24 37
62 25 38
62 26 39
62 27 40
62 28 41
62 29 42
62 30 43
62 31 44
62 32 45
62 33 46
62 34 47
62 35 48
62 36 49
62 37 50
62 38 51
62 39 52
62 40 53
62 41 54
62 42 55
62 43 56
62 44 57
62 45 58
62 46 59
62 47 60
62 48 61
62 49 62
62 50 63
62 51 64
62 52 65
62 53 66
62 54 67
62 55 68
62 56 69
62 57 70
62 58 71
62 59 72
62 60 73
62 61 74
63 0 12
63 1 13
63 2 14
63 3 15
63 4 16
63 5 17
63 6 18
63 7 19
63 8 20
63 9 21
63 10 22
63 11 23
63 12 24
63 13 25
63 14 26
63 15 27
63 16 28
63 17 29
63 18 30
63 19 31
63 20 32
63 21 33
63 22 34
63 23 35
63 24 36
63 25 37
63 26 38
63 27 39
63 28 40
63 29 41
63 30 42
63 31 43
63 32 44
63 33 45
63 34 46
63 35 47
63 36 48
63 37 49
63 38 50
63 39 51
63 40 52
63 41 53
63 42 54
63 43 55
63 44 56
63 45 57
63 46 58
63 47 59
63 48 60
63 49 61
63 50 62
63 51 63
63 52 64
63 53 65
63 54 66
63 55 67
63 56 68
63 57 69
63 58 70
63 59 71
63 60 72
63 61 73
63 62 74
64 0 11
64 1 12
64 2 13
64 3 14
64 4 15
64 5 16
64 6 17
64 7 18
64 8 19
64 9 20
64 10 21
64 11 22
64 12 23
64 13 24
64 14 25
64 15 26
64 16 27
64 17 28
64 18 29
64 19 30
64 20 31
64 21 32
64 22 33
64 23 34
64 24 35
64 25 36
64 26 37
64 27 38
64 28 39
64 29 40
64 30 41
64 31 42
64 32 43
64 33 44
64 34 45
64 35 46
64 36 47
64 37 48
64 38 49
64 39 50
64 40 51
64 41 52
64 42 53
64 43 54
64 44 55
64 45 56
64 46 57
64 47 58
64 48 59
64 49 60
64 50 61
64 51 62
64 52 63
64 53 64
64 54 65
64 55 66
64 56 67
64 57 68
64 58 69
64 59 70
64 60 71
64 61 72
64 62 73
64 63 74
65 0 10
65 1 11
65 2 12
65 3 13
65 4 14
65 5 15
65 6 16
65 7 17
65 8 18
65 9 19
65 10 20
65 11 21
65 12 22
65 13 23
65 14 24
65 15 25
65 16 26
65 17 27
65 18 28
65 19 29
65 20 30
65 21 31
65 22 32
65 23 33
65 24 34
65 25 35
65 26 36
65 27 37
65 28 38
65 29 39
65 30 40
65 31 41
65 32 42
65 33 43
65 34 44
65 35 45
65 36 46
65 37 47
65 38 48
65 39 49
65 40 50
65 41 51
65 42 52
65 43 53
65 44 54
65 45 55
65 46 56
65 47 57
65 48 58
65 49 59
65 50 60
65 51 61
65 52 62
65 53 63
65 54 64
65 55 65
65 56 66
65 57 67
65 58 68
65 59 69
65 60 70
65 61 71
65 62 72
65 63 73
65 64 74
66 0 9
66 1 10
66 2 11
66 3 12
66 4 13
66 5 14
66 6 15
66 7 16
66 8 17
66 9 18
66 10 19
66 11 20
66 12 21
66 13 22
66 14 23
66 15 24
66 16 25
66 17 26
66 18 27
66 19 28
66 20 29
66 21 30
66 22 31
66 23 32
66 24 33
66 25 34
66 26 35
66 27 36
66 28 37
66 29 38
66 30 39
66 31 40
66 32 41
66 33 42
66 34 43
66 35 44
66 36 45
66 37 46
66 38 47
66 39 48
66 40 49
66 41 50
66 42 51
66 43 52
66 44 53
66 45 54
66 46 55
66 47 56
66 48 57
66 49 58
66 50 59
66 51 60
66 52 61
66 53 62
66 54 63
66 55 64
66 56 65
66 57 66
66 58 67
66 59 68
66 60 69
66 61 70
66 62 71
66 63 72
66 64 73
66 65 74
67 0 8
67 1 9
67 2 10
67 3 11
67 4 12
67 5 13
67 6 14
67 7 15
67 8 16
67 9 17
67 10 18
67 11 19
67 12 20
67 13 21
67 14 22
67 15 23
67 16 24
67 17 25
67 18 26
67 19 27
67 20 28
67 21 29
67 22 30
67 23 31
67 24 32
67 25 33
67 26 34
67 27 35
67 28 36
67 29 37
67 30 38
67 31 39
67 32 40
67 33 41
67 34 42
67 35 43
67 36 44
67 37 45
67 38 46
67 39 47
67 40 48
67 41 49
67 42 50
67 43 51
67 44 52
67 45 53
67 46 54
67 47 55
67 48 56
67 49 57
67 50 58
67 51 59
67 52 60
67 53 61
67 54 62
67 55 63
67 56 64
67 57 65
67 58 66
67 59 67
67 60 68
67 61 69
67 62 70
67 63 71
67 64 72
67 65 73
67 66 74
68 0 7
68 1 8
68 2 9
68 3 10
68 4 11
68 5 12
68 6 13
68 7 14
68 8 15
68 9 16
68 10 17
68 11 18
68 12 19
68 13 20
68 14 21
68 15 22
68 16 23
68 17 24
68 18 25
68 19 26
68 20 27
68 21 28
68 22 29
68 23 30
68 24 31
68 25 32
68 26 33
68 27 34
68 28 35
68 29 36
68 30 37
68 31 38
68 32 39
68 33 40
68 34 41
68 35 42
68 36 43
68 37 44
68 38 45
68 39 46
68 40 47
68 41 48
68 42 49
68 43 50
68 44 51
68 45 52
68 46 53
68 47 54
68 48 55
68 49 56
68 50 57
68 51 58
68 52 59
68 53 60
68 54 61
68 55 62
68 56 63
68 57 64
68 58 65
68 59 66
68 60 67
68 61 68
68 62 69
68 63 70
68 64 71
68 65 72
68 66 73
68 67 74
69 0 6
69 1 7
69 2 8
69 3 9
69 4 10
69 5 11
69 6 12
69 7 13
69 8 14
69 9 15
69 10 16
69 11 17
69 12 18
69 13 19
69 14 20
69 15 21
69 16 22
69 17 23
69 18 24
69 19 25
69 20 26
69 21 27
69 22 28
69 23 29
69 24 30
69 25 31
69 26 32
69 27 33
69 28 34
69 29 35
69 30 36
69 31 37
69 32 38
69 33 39
69 34 40
69 35 41
69 36 42
69 37 43
69 38 44
69 39 45
69 40 46
69 41 47
69 42 48
69 43 49
69 44 50
69 45 51
69 46 52
69 47 53
69 48 54
69 49 55
69 50 56
69 51 57
69 52 58
69 53 59
69 54 60
69 55 61
69 56 62
69 57 63
69 58 64
69 59 65
69 60 66
69 61 67
69 62 68
69 63 69
69 64 70
69 65 71
69 66 72
69 67 73
69 68 74
70 0 5
70 1 6
70 2 7
70 3 8
70 4 9
70 5 10
70 6 11
70 7 12
70 8 13
70 9 14
70 10 15
70 11 16
70 12 17
70 13 18
70 14 19
70 15 20
70 16 21
70 17 22
70 18 23
70 19 24
70 20 25
70 21 26
70 22 27
70 23 28
70 24 29
70 25 30
70 26 31
70 27 32
70 28 33
70 29 34
70 30 35
70 31 36
70 32 37
70 33 38
70 34 39
70 35 40
70 36 41
70 37 42
70 38 43
70 39 44
70 40 45
70 41 46
70 42 47
70 43 48
70 44 49
70 45 50
70 46 51
70 47 52
70 48 53
70 49 54
70 50 55
70 51 56
70 52 57
70 53 58
70 54 59
70 55 60
70 56 61
70 57 62
70 58 63
70 59 64
70 60 65
70 61 66
70 62 67
70 63 68
70 64 69
70 65 70
70 66 71
70 67 72
70 68 73
70 69 74
71 0 4
71 1 5
71 2 6
71 3 7
71 4 8
71 5 9
71 6 10
71 7 11
71 8 12
71 9 13
71 10 14
71 11 15
71 12 16
71 13 17
71 14 18
71 15 19
71 16 20
71 17 21
71 18 22
71 19 23
71 20 24
71 21 25
71 22 26
71 23 27
71 24 28
71 25 29
71 26 30
71 27 31
71 28 32
71 29 33
71 30 34
71 31 35
71 32 36
71 33 37
71 34 38
71 35 39
71 36 40
71 37 41
71 38 42
71 39 43
71 40 44
71 41 45
71 42 46
71 43 47
71 44 48
71 45 49
71 46 50
71 47 51
71 48 52
71 49 53
71 50 54
71 51 55
71 52 56
71 53 57
71 54 58
71 55 59
71 56 60
71 57 61
71 58 62
71 59 63
71 60 64
71 61 65
71 62 66
71 63 67
71 64 68
71 65 69
71 66 70
71 67 71
71 68 72
71 69 73
71 70 74
72 0 3
72 1 4
72 2 5
72 3 6
72 4 7
72 5 8
72 6 9
72 7 10
72 8 11
72 9 12
72 10 13
72 11 14
72 12 15
72 13 16
72 14 17
72 15 18
72 16 19
72 17 20
72 18 21
72 19 22
72 20 23
72 21 24
72 22 25
72 23 26
72 24 27
72 25 28
72 26 29
72 27 30
72 28 31
72 29 32
72 30 33
72 31 34
72 32 35
72 33 36
72 34 37
72 35 38
72 36 39
72 37 40
72 38 41
72 39 42
72 40 43
72 41 44
72 42 45
72 43 46
72 44 47
72 45 48
72 46 49
72 47 50
72 48 51
72 49 52
72 50 53
72 51 54
72 52 55
72 53 56
72 54 57
72 55 58
72 56 59
72 57 60
72 58 61
72 59 62
72 60 63
72 61 64
72 62 65
72 63 66
72 64 67
72 65 68
72 66 69
72 67 70
72 68 71
72 69 72
72 70 73
72 71 74
73 0 2
73 1 3
73 2 4
73 3 5
73 4 6
73 5 7
73 6 8
73 7 9
73 8 10
73 9 11
73 10 12
73 11 13
73 12 14
73 13 15
73 14 16
73 15 17
73 16 18
73 17 19
73 18 20
73 19 21
73 20 22
73 21 23
73 22 24
73 23 25
73 24 26
73 25 27
73 26 28
73 27 29
73 28 30
73 29 31
73 30 32
73 31 33
73 32 34
73 33 35
73 34 36
73 35 37
73 36 38
73 37 39
73 38 40
73 39 41
73 40 42
73 41 43
73 42 44
73 43 45
73 44 46
73 45 47
73 46 48
73 47 49
73 48 50
73 49 51
73 50 52
73 51 53
73 52 54
73 53 55
73 54 56
73 55 57
73 56 58
73 57 59
73 58 60
73 59 61
73 60 62
73 61 63
73 62 64
73 63 65
73 64 66
73 65 67
73 66 68
73 67 69
73 68 70
73 69 71
73 70 72
73 71 73
73 72 74
74 0 1
74 1 2
74 2 3
74 3 4
74 4 5
74 5 6
74 6 7
74 7 8
74 8 9
74 9 10
74 10 11
74 11 12
74 12 13
74 13 14
74 14 15
74 15 16
74 16 17
74 17 18
74 18 19
74 19 20
74 20 21
74 21 22
74 22 23
74 23 24
74 24 25
74 25 26
74 26 27
74 27 28
74 28 29
74 29 30
74 30 31
74 31 32
74 32 33
74 33 34
74 34 35
74 35 36
74 36 37
74 37 38
74 38 39
74 39 40
74 40 41
74 41 42
74 42 43
74 43 44
74 44 45
74 45 46
74 46 47
74 47 48
74 48 49
74 49 50
74 50 51
74 51 52
74 52 53
74 53 54
74 54 55
74 55 56
74 56 57
74 57 58
74 58 59
74 59 60
74 60 61
74 61 62
74 62 63
74 63 64
74 64 65
74 65 66
74 66 67
74 67 68
74 68 69
74 69 70
74 70 71
74 71 72
74 72 73
74 73 74
