65
0 1 1
0 2 2
0 3 3
0 4 4
0 5 5
0 6 6
0 7 7
0 8 8
0 9 9
0 10 10
0 11 11
0 12 12
0 13 13
0 14 14
0 15 15
0 16 16
0 17 17
0 18 18
0 19 19
0 20 20
0 21 21
0 22 22
0 23 23
0 24 24
0 25 25
0 26 26
0 27 27
0 28 28
0 29 29
0 30 30
0 31 31
0 32 32
0 33 33
0 34 34
0 35 35
0 36 36
0 37 37
0 38 38
0 39 39
0 40 40
0 41 41
0 42 42
0 43 43
0 44 44
0 45 45
0 46 46
0 47 47
0 48 48
0 49 49
0 50 50
0 51 51
0 52 52
0 53 53
0 54 54
0 55 55
0 56 56
0 57 57
0 58 58
0 59 59
0 60 60
0 61 61
0 62 62
0 63 63
0 64 64
1 2 1
1 3 2
1 4 3
1 5 4
1 6 5
1 7 6
1 8 7
1 9 8
1 10 9
1 11 10
1 12 11
1 13 12
1 14 13
1 15 14
1 16 15
1 17 16
1 18 17
1 19 18
1 20 19
1 21 20
1 22 21
1 23 22
1 24 23
1 25 24
1 26 25
1 27 26
1 28 27
1 29 28
1 30 29
1 31 30
1 32 31
1 33 32
1 34 33
1 35 34
1 36 35
1 37 36
1 38 37
1 39 38
1 40 39
1 41 40
1 42 41
1 43 42
1 44 43
1 45 44
1 46 45
1 47 46
1 48 47
1 49 48
1 50 49
1 51 50
1 52 51
1 53 52
1 54 53
1 55 54
1 56 55
1 57 56
1 58 57
1 59 58
1 60 59
1 61 60
1 62 61
1 63 62
1 64 63
2 3 1
2 4 2
2 5 3
2 6 4
2 7 5
2 8 6
2 9 7
2 10 8
2 11 9
2 12 10
2 13 11
2 14 12
2 15 13
2 16 14
2 17 15
2 18 16
2 19 17
2 20 18
2 21 19
2 22 20
2 23 21
2 24 22
2 25 23
2 26 24
2 27 25
2 28 26
2 29 27
2 30 28
2 31 29
2 32 30
2 33 31
2 34 32
2 35 33
2 36 34
2 37 35
2 38 36
2 39 37
2 40 38
2 41 39
2 42 40
2 43 41
2 44 42
2 45 43
2 46 44
2 47 45
2 48 46
2 49 47
2 50 48
2 51 49
2 52 50
2 53 51
2 54 52
2 55 53
2 56 54
2 57 55
2 58 56
2 59 57
2 60 58
2 61 59
2 62 60
2 63 61
2 64 62
3 4 1
3 5 2
3 6 3
3 7 4
3 8 5
3 9 6
3 10 7
3 11 8
3 12 9
3 13 10
3 14 11
3 15 12
3 16 13
3 17 14
3 18 15
3 19 16
3 20 17
3 21 18
3 22 19
3 23 20
3 24 21
3 25 22
3 26 23
3 27 24
3 28 25
3 29 26
3 30 27
3 31 28
3 32 29
3 33 30
3 34 31
3 35 32
3 36 33
3 37 34
3 38 35
3 39 36
3 40 37
3 41 38
3 42 39
3 43 40
3 44 41
3 45 42
3 46 43
3 47 44
3 48 45
3 49 46
3 50 47
3 51 48
3 52 49
3 53 50
3 54 51
3 55 52
3 56 53
3 57 54
3 58 55
3 59 56
3 60 57
3 61 58
3 62 59
3 63 60
3 64 61
4 5 1
4 6 2
4 7 3
4 8 4
4 9 5
4 10 6
4 11 7
4 12 8
4 13 9
4 14 10
4 15 11
4 16 12
4 17 13
4 18 14
4 19 15
4 20 16
4 21 17
4 22 18
4 23 19
4 24 20
4 25 21
4 26 22
4 27 23
4 28 24
4 29 25
4 30 26
4 31 27
4 32 28
4 33 29
4 34 30
4 35 31
4 36 32
4 37 33
4 38 34
4 39 35
4 40 36
4 41 37
4 42 38
4 43 39
4 44 40
4 45 41
4 46 42
4 47 43
4 48 44
4 49 45
4 50 46
4 51 47
4 52 48
4 53 49
4 54 50
4 55 51
4 56 52
4 57 53
4 58 54
4 59 55
4 60 56
4 61 57
4 62 58
4 63 59
4 64 60
5 6 1
5 7 2
5 8 3
5 9 4
5 10 5
5 11 6
5 12 7
5 13 8
5 14 9
5 15 10
5 16 11
5 17 12
5 18 13
5 19 14
5 20 15
5 21 16
5 22 17
5 23 18
5 24 19
5 25 20
5 26 21
5 27 22
5 28 23
5 29 24
5 30 25
5 31 26
5 32 27
5 33 28
5 34 29
5 35 30
5 36 31
5 37 32
5 38 33
5 39 34
5 40 35
5 41 36
5 42 37
5 43 38
5 44 39
5 45 40
5 46 41
5 47 42
5 48 43
5 49 44
5 50 45
5 51 46
5 52 47
5 53 48
5 54 49
5 55 50
5 56 51
5 57 52
5 58 53
5 59 54
5 60 55
5 61 56
5 62 57
5 63 58
5 64 59
6 7 1
6 8 2
6 9 3
6 10 4
6 11 5
6 12 6
6 13 7
6 14 8
6 15 9
6 16 10
6 17 11
6 18 12
6 19 13
6 20 14
6 21 15
6 22 16
6 23 17
6 24 18
6 25 19
6 26 20
6 27 21
6 28 22
6 29 23
6 30 24
6 31 25
6 32 26
6 33 27
6 34 28
6 35 29
6 36 30
6 37 31
6 38 32
6 39 33
6 40 34
6 41 35
6 42 36
6 43 37
6 44 38
6 45 39
6 46 40
6 47 41
6 48 42
6 49 43
6 50 44
6 51 45
6 52 46
6 53 47
6 54 48
6 55 49
6 56 50
6 57 51
6 58 52
6 59 53
6 60 54
6 61 55
6 62 56
6 63 57
6 64 58
7 8 1
7 9 2
7 10 3
7 11 4
7 12 5
7 13 6
7 14 7
7 15 8
7 16 9
7 17 10
7 18 11
7 19 12
7 20 13
7 21 14
7 22 15
7 23 16
7 24 17
7 25 18
7 26 19
7 27 20
7 28 21
7 29 22
7 30 23
7 31 24
7 32 25
7 33 26
7 34 27
7 35 28
7 36 29
7 37 30
7 38 31
7 39 32
7 40 33
7 41 34
7 42 35
7 43 36
7 44 37
7 45 38
7 46 39
7 47 40
7 48 41
7 49 42
7 50 43
7 51 44
7 52 45
7 53 46
7 54 47
7 55 48
7 56 49
7 57 50
7 58 51
7 59 52
7 60 53
7 61 54
7 62 55
7 63 56
7 64 57
8 9 1
8 10 2
8 11 3
8 12 4
8 13 5
8 14 6
8 15 7
8 16 8
8 17 9
8 18 10
8 19 11
8 20 12
8 21 13
8 22 14
8 23 15
8 24 16
8 25 17
8 26 18
8 27 19
8 28 20
8 29 21
8 30 22
8 31 23
8 32 24
8 33 25
8 34 26
8 35 27
8 36 28
8 37 29
8 38 30
8 39 31
8 40 32
8 41 33
8 42 34
8 43 35
8 44 36
8 45 37
8 46 38
8 47 39
8 48 40
8 49 41
8 50 42
8 51 43
8 52 44
8 53 45
8 54 46
8 55 47
8 56 48
8 57 49
8 58 50
8 59 51
8 60 52
8 61 53
8 62 54
8 63 55
8 64 56
9 10 1
9 11 2
9 12 3
9 13 4
9 14 5
9 15 6
9 16 7
9 17 8
9 18 9
9 19 10
9 20 11
9 21 12
9 22 13
9 23 14
9 24 15
9 25 16
9 26 17
9 27 18
9 28 19
9 29 20
9 30 21
9 31 22
9 32 23
9 33 24
9 34 25
9 35 26
9 36 27
9 37 28
9 38 29
9 39 30
9 40 31
9 41 32
9 42 33
9 43 34
9 44 35
9 45 36
9 46 37
9 47 38
9 48 39
9 49 40
9 50 41
9 51 42
9 52 43
9 53 44
9 54 45
9 55 46
9 56 47
9 57 48
9 58 49
9 59 50
9 60 51
9 61 52
9 62 53
9 63 54
9 64 55
10 11 1
10 12 2
10 13 3
10 14 4
10 15 5
10 16 6
10 17 7
10 18 8
10 19 9
10 20 10
10 21 11
10 22 12
10 23 13
10 24 14
10 25 15
10 26 16
10 27 17
10 28 18
10 29 19
10 30 20
10 31 21
10 32 22
10 33 23
10 34 24
10 35 25
10 36 26
10 37 27
10 38 28
10 39 29
10 40 30
10 41 31
10 42 32
10 43 33
10 44 34
10 45 35
10 46 36
10 47 37
10 48 38
10 49 39
10 50 40
10 51 41
10 52 42
10 53 43
10 54 44
10 55 45
10 56 46
10 57 47
10 58 48
10 59 49
10 60 50
10 61 51
10 62 52
10 63 53
10 64 54
11 12 1
11 13 2
11 14 3
11 15 4
11 16 5
11 17 6
11 18 7
11 19 8
11 20 9
11 21 10
11 22 11
11 23 12
11 24 13
11 25 14
11 26 15
11 27 16
11 28 17
11 29 18
11 30 19
11 31 20
11 32 21
11 33 22
11 34 23
11 35 24
11 36 25
11 37 26
11 38 27
11 39 28
11 40 29
11 41 30
11 42 31
11 43 32
11 44 33
11 45 34
11 46 35
11 47 36
11 48 37
11 49 38
11 50 39
11 51 40
11 52 41
11 53 42
11 54 43
11 55 44
11 56 45
11 57 46
11 58 47
11 59 48
11 60 49
11 61 50
11 62 51
11 63 52
11 64 53
12 13 1
12 14 2
12 15 3
12 16 4
12 17 5
12 18 6
12 19 7
12 20 8
12 21 9
12 22 10
12 23 11
12 24 12
12 25 13
12 26 14
12 27 15
12 28 16
12 29 17
12 30 18
12 31 19
12 32 20
12 33 21
12 34 22
12 35 23
12 36 24
12 37 25
12 38 26
12 39 27
12 40 28
12 41 29
12 42 30
12 43 31
12 44 32
12 45 33
12 46 34
12 47 35
12 48 36
12 49 37
12 50 38
12 51 39
12 52 40
12 53 41
12 54 42
12 55 43
12 56 44
12 57 45
12 58 46
12 59 47
12 60 48
12 61 49
12 62 50
12 63 51
12 64 52
13 14 1
13 15 2
13 16 3
13 17 4
13 18 5
13 19 6
13 20 7
13 21 8
13 22 9
13 23 10
13 24 11
13 25 12
13 26 13
13 27 14
13 28 15
13 29 16
13 30 17
13 31 18
13 32 19
13 33 20
13 34 21
13 35 22
13 36 23
13 37 24
13 38 25
13 39 26
13 40 27
13 41 28
13 42 29
13 43 30
13 44 31
13 45 32
13 46 33
13 47 34
13 48 35
13 49 36
13 50 37
13 51 38
13 52 39
13 53 40
13 54 41
13 55 42
13 56 43
13 57 44
13 58 45
13 59 46
13 60 47
13 61 48
13 62 49
13 63 50
13 64 51
14 15 1
14 16 2
14 17 3
14 18 4
14 19 5
14 20 6
14 21 7
14 22 8
14 23 9
14 24 10
14 25 11
14 26 12
14 27 13
14 28 14
14 29 15
14 30 16
14 31 17
14 32 18
14 33 19
14 34 20
14 35 21
14 36 22
14 37 23
14 38 24
14 39 25
14 40 26
14 41 27
14 42 28
14 43 29
14 44 30
14 45 31
14 46 32
14 47 33
14 48 34
14 49 35
14 50 36
14 51 37
14 52 38
14 53 39
14 54 40
14 55 41
14 56 42
14 57 43
14 58 44
14 59 45
14 60 46
14 61 47
14 62 48
14 63 49
14 64 50
15 16 1
15 17 2
15 18 3
15 19 4
15 20 5
15 21 6
15 22 7
15 23 8
15 24 9
15 25 10
15 26 11
15 27 12
15 28 13
15 29 14
15 30 15
15 31 16
15 32 17
15 33 18
15 34 19
15 35 20
15 36 21
15 37 22
15 38 23
15 39 24
15 40 25
15 41 26
15 42 27
15 43 28
15 44 29
15 45 30
15 46 31
15 47 32
15 48 33
15 49 34
15 50 35
15 51 36
15 52 37
15 53 38
15 54 39
15 55 40
15 56 41
15 57 42
15 58 43
15 59 44
15 60 45
15 61 46
15 62 47
15 63 48
15 64 49
16 17 1
16 18 2
16 19 3
16 20 4
16 21 5
16 22 6
16 23 7
16 24 8
16 25 9
16 26 10
16 27 11
16 28 12
16 29 13
16 30 14
16 31 15
16 32 16
16 33 17
16 34 18
16 35 19
16 36 20
16 37 21
16 38 22
16 39 23
16 40 24
16 41 25
16 42 26
16 43 27
16 44 28
16 45 29
16 46 30
16 47 31
16 48 32
16 49 33
16 50 34
16 51 35
16 52 36
16 53 37
16 54 38
16 55 39
16 56 40
16 57 41
16 58 42
16 59 43
16 60 44
16 61 45
16 62 46
16 63 47
16 64 48
17 18 1
17 19 2
17 20 3
17 21 4
17 22 5
17 23 6
17 24 7
17 25 8
17 26 9
17 27 10
17 28 11
17 29 12
17 30 13
17 31 14
17 32 15
17 33 16
17 34 17
17 35 18
17 36 19
17 37 20
17 38 21
17 39 22
17 40 23
17 41 24
17 42 25
17 43 26
17 44 27
17 45 28
17 46 29
17 47 30
17 48 31
17 49 32
17 50 33
17 51 34
17 52 35
17 53 36
17 54 37
17 55 38
17 56 39
17 57 40
17 58 41
17 59 42
17 60 43
17 61 44
17 62 45
17 63 46
17 64 47
18 19 1
18 20 2
18 21 3
18 22 4
18 23 5
18 24 6
18 25 7
18 26 8
18 27 9
18 28 10
18 29 11
18 30 12
18 31 13
18 32 14
18 33 15
18 34 16
18 35 17
18 36 18
18 37 19
18 38 20
18 39 21
18 40 22
18 41 23
18 42 24
18 43 25
18 44 26
18 45 27
18 46 28
18 47 29
18 48 30
18 49 31
18 50 32
18 51 33
18 52 34
18 53 35
18 54 36
18 55 37
18 56 38
18 57 39
18 58 40
18 59 41
18 60 42
18 61 43
18 62 44
18 63 45
18 64 46
19 20 1
19 21 2
19 22 3
19 23 4
19 24 5
19 25 6
19 26 7
19 27 8
19 28 9
19 29 10
19 30 11
19 31 12
19 32 13
19 33 14
19 34 15
19 35 16
19 36 17
19 37 18
19 38 19
19 39 20
19 40 21
19 41 22
19 42 23
19 43 24
19 44 25
19 45 26
19 46 27
19 47 28
19 48 29
19 49 30
19 50 31
19 51 32
19 52 33
19 53 34
19 54 35
19 55 36
19 56 37
19 57 38
19 58 39
19 59 40
19 60 41
19 61 42
19 62 43
19 63 44
19 64 45
20 21 1
20 22 2
20 23 3
20 24 4
20 25 5
20 26 6
20 27 7
20 28 8
20 29 9
20 30 10
20 31 11
20 32 12
20 33 13
20 34 14
20 35 15
20 36 16
20 37 17
20 38 18
20 39 19
20 40 20
20 41 21
20 42 22
20 43 23
20 44 24
20 45 25
20 46 26
20 47 27
20 48 28
20 49 29
20 50 30
20 51 31
20 52 32
20 53 33
20 54 34
20 55 35
20 56 36
20 57 37
20 58 38
20 59 39
20 60 40
20 61 41
20 62 42
20 63 43
20 64 44
21 22 1
21 23 2
21 24 3
21 25 4
21 26 5
21 27 6
21 28 7
21 29 8
21 30 9
21 31 10
21 32 11
21 33 12
21 34 13
21 35 14
21 36 15
21 37 16
21 38 17
21 39 18
21 40 19
21 41 20
21 42 21
21 43 22
21 44 23
21 45 24
21 46 25
21 47 26
21 48 27
21 49 28
21 50 29
21 51 30
21 52 31
21 53 32
21 54 33
21 55 34
21 56 35
21 57 36
21 58 37
21 59 38
21 60 39
21 61 40
21 62 41
21 63 42
21 64 43
22 23 1
22 24 2
22 25 3
22 26 4
22 27 5
22 28 6
22 29 7
22 30 8
22 31 9
22 32 10
22 33 11
22 34 12
22 35 13
22 36 14
22 37 15
22 38 16
22 39 17
22 40 18
22 41 19
22 42 20
22 43 21
22 44 22
22 45 23
22 46 24
22 47 25
22 48 26
22 49 27
22 50 28
22 51 29
22 52 30
22 53 31
22 54 32
22 55 33
22 56 34
22 57 35
22 58 36
22 59 37
22 60 38
22 61 39
22 62 40
22 63 41
22 64 42
23 24 1
23 25 2
23 26 3
23 27 4
23 28 5
23 29 6
23 30 7
23 31 8
23 32 9
23 33 10
23 34 11
23 35 12
23 36 13
23 37 14
23 38 15
23 39 16
23 40 17
23 41 18
23 42 19
23 43 20
23 44 21
23 45 22
23 46 23
23 47 24
23 48 25
23 49 26
23 50 27
23 51 28
23 52 29
23 53 30
23 54 31
23 55 32
23 56 33
23 57 34
23 58 35
23 59 36
23 60 37
23 61 38
23 62 39
23 63 40
23 64 41
24 25 1
24 26 2
24 27 3
24 28 4
24 29 5
24 30 6
24 31 7
24 32 8
24 33 9
24 34 10
24 35 11
24 36 12
24 37 13
24 38 14
24 39 15
24 40 16
24 41 17
24 42 18
24 43 19
24 44 20
24 45 21
24 46 22
24 47 23
24 48 24
24 49 25
24 50 26
24 51 27
24 52 28
24 53 29
24 54 30
24 55 31
24 56 32
24 57 33
24 58 34
24 59 35
24 60 36
24 61 37
24 62 38
24 63 39
24 64 40
25 26 1
25 27 2
25 28 3
25 29 4
25 30 5
25 31 6
25 32 7
25 33 8
25 34 9
25 35 10
25 36 11
25 37 12
25 38 13
25 39 14
25 40 15
25 41 16
25 42 17
25 43 18
25 44 19
25 45 20
25 46 21
25 47 22
25 48 23
25 49 24
25 50 25
25 51 26
25 52 27
25 53 28
25 54 29
25 55 30
25 56 31
25 57 32
25 58 33
25 59 34
25 60 35
25 61 36
25 62 37
25 63 38
25 64 39
26 27 1
26 28 2
26 29 3
26 30 4
26 31 5
26 32 6
26 33 7
26 34 8
26 35 9
26 36 10
26 37 11
26 38 12
26 39 13
26 40 14
26 41 15
26 42 16
26 43 17
26 44 18
26 45 19
26 46 20
26 47 21
26 48 22
26 49 23
26 50 24
26 51 25
26 52 26
26 53 27
26 54 28
26 55 29
26 56 30
26 57 31
26 58 32
26 59 33
26 60 34
26 61 35
26 62 36
26 63 37
26 64 38
27 28 1
27 29 2
27 30 3
27 31 4
27 32 5
27 33 6
27 34 7
27 35 8
27 36 9
27 37 10
27 38 11
27 39 12
27 40 13
27 41 14
27 42 15
27 43 16
27 44 17
27 45 18
27 46 19
27 47 20
27 48 21
27 49 22
27 50 23
27 51 24
27 52 25
27 53 26
27 54 27
27 55 28
27 56 29
27 57 30
27 58 31
27 59 32
27 60 33
27 61 34
27 62 35
27 63 36
27 64 37
28 29 1
28 30 2
28 31 3
28 32 4
28 33 5
28 34 6
28 35 7
28 36 8
28 37 9
28 38 10
28 39 11
28 40 12
28 41 13
28 42 14
28 43 15
28 44 16
28 45 17
28 46 18
28 47 19
28 48 20
28 49 21
28 50 22
28 51 23
28 52 24
28 53 25
28 54 26
28 55 27
28 56 28
28 57 29
28 58 30
28 59 31
28 60 32
28 61 33
28 62 34
28 63 35
28 64 36
29 30 1
29 31 2
29 32 3
29 33 4
29 34 5
29 35 6
29 36 7
29 37 8
29 38 9
29 39 10
29 40 11
29 41 12
29 42 13
29 43 14
29 44 15
29 45 16
29 46 17
29 47 18
29 48 19
29 49 20
29 50 21
29 51 22
29 52 23
29 53 24
29 54 25
29 55 26
29 56 27
29 57 28
29 58 29
29 59 30
29 60 31
29 61 32
29 62 33
29 63 34
29 64 35
30 31 1
30 32 2
30 33 3
30 34 4
30 35 5
30 36 6
30 37 7
30 38 8
30 39 9
30 40 10
30 41 11
30 42 12
30 43 13
30 44 14
30 45 15
30 46 16
30 47 17
30 48 18
30 49 19
30 50 20
30 51 21
30 52 22
30 53 23
30 54 24
30 55 25
30 56 26
30 57 27
30 58 28
30 59 29
30 60 30
30 61 31
30 62 32
30 63 33
30 64 34
31 32 1
31 33 2
31 34 3
31 35 4
31 36 5
31 37 6
31 38 7
31 39 8
31 40 9
31 41 10
31 42 11
31 43 12
31 44 13
31 45 14
31 46 15
31 47 16
31 48 17
31 49 18
31 50 19
31 51 20
31 52 21
31 53 22
31 54 23
31 55 24
31 56 25
31 57 26
31 58 27
31 59 28
31 60 29
31 61 30
31 62 31
31 63 32
31 64 33
32 33 1
32 34 2
32 35 3
32 36 4
32 37 5
32 38 6
32 39 7
32 40 8
32 41 9
32 42 10
32 43 11
32 44 12
32 45 13
32 46 14
32 47 15
32 48 16
32 49 17
32 50 18
32 51 19
32 52 20
32 53 21
32 54 22
32 55 23
32 56 24
32 57 25
32 58 26
32 59 27
32 60 28
32 61 29
32 62 30
32 63 31
32 64 32
33 34 1
33 35 2
33 36 3
33 37 4
33 38 5
33 39 6
33 40 7
33 41 8
33 42 9
33 43 10
33 44 11
33 45 12
33 46 13
33 47 14
33 48 15
33 49 16
33 50 17
33 51 18
33 52 19
33 53 20
33 54 21
33 55 22
33 56 23
33 57 24
33 58 25
33 59 26
33 60 27
33 61 28
33 62 29
33 63 30
33 64 31
34 35 1
34 36 2
34 37 3
34 38 4
34 39 5
34 40 6
34 41 7
34 42 8
34 43 9
34 44 10
34 45 11
34 46 12
34 47 13
34 48 14
34 49 15
34 50 16
34 51 17
34 52 18
34 53 19
34 54 20
34 55 21
34 56 22
34 57 23
34 58 24
34 59 25
34 60 26
34 61 27
34 62 28
34 63 29
34 64 30
35 36 1
35 37 2
35 38 3
35 39 4
35 40 5
35 41 6
35 42 7
35 43 8
35 44 9
35 45 10
35 46 11
35 47 12
35 48 13
35 49 14
35 50 15
35 51 16
35 52 17
35 53 18
35 54 19
35 55 20
35 56 21
35 57 22
35 58 23
35 59 24
35 60 25
35 61 26
35 62 27
35 63 28
35 64 29
36 37 1
36 38 2
36 39 3
36 40 4
36 41 5
36 42 6
36 43 7
36 44 8
36 45 9
36 46 10
36 47 11
36 48 12
36 49 13
36 50 14
36 51 15
36 52 16
36 53 17
36 54 18
36 55 19
36 56 20
36 57 21
36 58 22
36 59 23
36 60 24
36 61 25
36 62 26
36 63 27
36 64 28
37 38 1
37 39 2
37 40 3
37 41 4
37 42 5
37 43 6
37 44 7
37 45 8
37 46 9
37 47 10
37 48 11
37 49 12
37 50 13
37 51 14
37 52 15
37 53 16
37 54 17
37 55 18
37 56 19
37 57 20
37 58 21
37 59 22
37 60 23
37 61 24
37 62 25
37 63 26
37 64 27
38 39 1
38 40 2
38 41 3
38 42 4
38 43 5
38 44 6
38 45 7
38 46 8
38 47 9
38 48 10
38 49 11
38 50 12
38 51 13
38 52 14
38 53 15
38 54 16
38 55 17
38 56 18
38 57 19
38 58 20
38 59 21
38 60 22
38 61 23
38 62 24
38 63 25
38 64 26
39 40 1
39 41 2
39 42 3
39 43 4
39 44 5
39 45 6
39 46 7
39 47 8
39 48 9
39 49 10
39 50 11
39 51 12
39 52 13
39 53 14
39 54 15
39 55 16
39 56 17
39 57 18
39 58 19
39 59 20
39 60 21
39 61 22
39 62 23
39 63 24
39 64 25
40 41 1
40 42 2
40 43 3
40 44 4
40 45 5
40 46 6
40 47 7
40 48 8
40 49 9
40 50 10
40 51 11
40 52 12
40 53 13
40 54 14
40 55 15
40 56 16
40 57 17
40 58 18
40 59 19
40 60 20
40 61 21
40 62 22
40 63 23
40 64 24
41 42 1
41 43 2
41 44 3
41 45 4
41 46 5
41 47 6
41 48 7
41 49 8
41 50 9
41 51 10
41 52 11
41 53 12
41 54 13
41 55 14
41 56 15
41 57 16
41 58 17
41 59 18
41 60 19
41 61 20
41 62 21
41 63 22
41 64 23
42 43 1
42 44 2
42 45 3
42 46 4
42 47 5
42 48 6
42 49 7
42 50 8
42 51 9
42 52 10
42 53 11
42 54 12
42 55 13
42 56 14
42 57 15
42 58 16
42 59 17
42 60 18
42 61 19
42 62 20
42 63 21
42 64 22
43 44 1
43 45 2
43 46 3
43 47 4
43 48 5
43 49 6
43 50 7
43 51 8
43 52 9
43 53 10
43 54 11
43 55 12
43 56 13
43 57 14
43 58 15
43 59 16
43 60 17
43 61 18
43 62 19
43 63 20
43 64 21
44 45 1
44 46 2
44 47 3
44 48 4
44 49 5
44 50 6
44 51 7
44 52 8
44 53 9
44 54 10
44 55 11
44 56 12
44 57 13
44 58 14
44 59 15
44 60 16
44 61 17
44 62 18
44 63 19
44 64 20
45 46 1
45 47 2
45 48 3
45 49 4
45 50 5
45 51 6
45 52 7
45 53 8
45 54 9
45 55 10
45 56 11
45 57 12
45 58 13
45 59 14
45 60 15
45 61 16
45 62 17
45 63 18
45 64 19
46 47 1
46 48 2
46 49 3
46 50 4
46 51 5
46 52 6
46 53 7
46 54 8
46 55 9
46 56 10
46 57 11
46 58 12
46 59 13
46 60 14
46 61 15
46 62 16
46 63 17
46 64 18
47 48 1
47 49 2
47 50 3
47 51 4
47 52 5
47 53 6
47 54 7
47 55 8
47 56 9
47 57 10
47 58 11
47 59 12
47 60 13
47 61 14
47 62 15
47 63 16
47 64 17
48 49 1
48 50 2
48 51 3
48 52 4
48 53 5
48 54 6
48 55 7
48 56 8
48 57 9
48 58 10
48 59 11
48 60 12
48 61 13
48 62 14
48 63 15
48 64 16
49 50 1
49 51 2
49 52 3
49 53 4
49 54 5
49 55 6
49 56 7
49 57 8
49 58 9
49 59 10
49 60 11
49 61 12
49 62 13
49 63 14
49 64 15
50 51 1
50 52 2
50 53 3
50 54 4
50 55 5
50 56 6
50 57 7
50 58 8
50 59 9
50 60 10
50 61 11
50 62 12
50 63 13
50 64 14
51 52 1
51 53 2
51 54 3
51 55 4
51 56 5
51 57 6
51 58 7
51 59 8
51 60 9
51 61 10
51 62 11
51 63 12
51 64 13
52 53 1
52 54 2
52 55 3
52 56 4
52 57 5
52 58 6
52 59 7
52 60 8
52 61 9
52 62 10
52 63 11
52 64 12
53 54 1
53 55 2
53 56 3
53 57 4
53 58 5
53 59 6
53 60 7
53 61 8
53 62 9
53 63 10
53 64 11
54 55 1
54 56 2
54 57 3
54 58 4
54 59 5
54 60 6
54 61 7
54 62 8
54 63 9
54 64 10
55 56 1
55 57 2
55 58 3
55 59 4
55 60 5
55 61 6
55 62 7
55 63 8
55 64 9
56 57 1
56 58 2
56 59 3
56 60 4
56 61 5
56 62 6
56 63 7
56 64 8
57 58 1
57 59 2
57 60 3
57 61 4
57 62 5
57 63 6
57 64 7
58 59 1
58 60 2
58 61 3
58 62 4
58 63 5
58 64 6
59 60 1
59 61 2
59 62 3
59 63 4
59 64 5
60 61 1
60 62 2
60 63 3
60 64 4
61 62 1
61 63 2
61 64 3
62 63 1
62 64 2
63 64 1
1 0 64
2 0 63
2 1 64
3 0 62
3 1 63
3 2 64
4 0 61
4 1 62
4 2 63
4 3 64
5 0 60
5 1 61
5 2 62
5 3 63
5 4 64
6 0 59
6 1 60
6 2 61
6 3 62
6 4 63
6 5 64
7 0 58
7 1 59
7 2 60
7 3 61
7 4 62
7 5 63
7 6 64
8 0 57
8 1 58
8 2 59
8 3 60
8 4 61
8 5 62
8 6 63
8 7 64
9 0 56
9 1 57
9 2 58
9 3 59
9 4 60
9 5 61
9 6 62
9 7 63
9 8 64
10 0 55
10 1 56
10 2 57
10 3 58
10 4 59
10 5 60
10 6 61
10 7 62
10 8 63
10 9 64
11 0 54
11 1 55
11 2 56
11 3 57
11 4 58
11 5 59
11 6 60
11 7 61
11 8 62
11 9 63
11 10 64
12 0 53
12 1 54
12 2 55
12 3 56
12 4 57
12 5 58
12 6 59
12 7 60
12 8 61
12 9 62
12 10 63
12 11 64
13 0 52
13 1 53
13 2 54
13 3 55
13 4 56
13 5 57
13 6 58
13 7 59
13 8 60
13 9 61
13 10 62
13 11 63
13 12 64
14 0 51
14 1 52
14 2 53
14 3 54
14 4 55
14 5 56
14 6 57
14 7 58
14 8 59
14 9 60
14 10 61
14 11 62
14 12 63
14 13 64
15 0 50
15 1 51
15 2 52
15 3 53
15 4 54
15 5 55
15 6 56
15 7 57
15 8 58
15 9 59
15 10 60
15 11 61
15 12 62
15 13 63
15 14 64
16 0 49
16 1 50
16 2 51
16 3 52
16 4 53
16 5 54
16 6 55
16 7 56
16 8 57
16 9 58
16 10 59
16 11 60
16 12 61
16 13 62
16 14 63
16 15 64
17 0 48
17 1 49
17 2 50
17 3 51
17 4 52
17 5 53
17 6 54
17 7 55
17 8 56
17 9 57
17 10 58
17 11 59
17 12 60
17 13 61
17 14 62
17 15 63
17 16 64
18 0 47
18 1 48
18 2 49
18 3 50
18 4 51
18 5 52
18 6 53
18 7 54
18 8 55
18 9 56
18 10 57
18 11 58
18 12 59
18 13 60
18 14 61
18 15 62
18 16 63
18 17 64
19 0 46
19 1 47
19 2 48
19 3 49
19 4 50
19 5 51
19 6 52
19 7 53
19 8 54
19 9 55
19 10 56
19 11 57
19 12 58
19 13 59
19 14 60
19 15 61
19 16 62
19 17 63
19 18 64
20 0 45
20 1 46
20 2 47
20 3 48
20 4 49
20 5 50
20 6 51
20 7 52
20 8 53
20 9 54
20 10 55
20 11 56
20 12 57
20 13 58
20 14 59
20 15 60
20 16 61
20 17 62
20 18 63
20 19 64
21 0 44
21 1 45
21 2 46
21 3 47
21 4 48
21 5 49
21 6 50
21 7 51
21 8 52
21 9 53
21 10 54
21 11 55
21 12 56
21 13 57
21 14 58
21 15 59
21 16 60
21 17 61
21 18 62
21 19 63
21 20 64
22 0 43
22 1 44
22 2 45
22 3 46
22 4 47
22 5 48
22 6 49
22 7 50
22 8 51
22 9 52
22 10 53
22 11 54
22 12 55
22 13 56
22 14 57
22 15 58
22 16 59
22 17 60
22 18 61
22 19 62
22 20 63
22 21 64
23 0 42
23 1 43
23 2 44
23 3 45
23 4 46
23 5 47
23 6 48
23 7 49
23 8 50
23 9 51
23 10 52
23 11 53
23 12 54
23 13 55
23 14 56
23 15 57
23 16 58
23 17 59
23 18 60
23 19 61
23 20 62
23 21 63
23 22 64
24 0 41
24 1 42
24 2 43
24 3 44
24 4 45
24 5 46
24 6 47
24 7 48
24 8 49
24 9 50
24 10 51
24 11 52
24 12 53
24 13 54
24 14 55
24 15 56
24 16 57
24 17 58
24 18 59
24 19 60
24 20 61
24 21 62
24 22 63
24 23 64
25 0 40
25 1 41
25 2 42
25 3 43
25 4 44
25 5 45
25 6 46
25 7 47
25 8 48
25 9 49
25 10 50
25 11 51
25 12 52
25 13 53
25 14 54
25 15 55
25 16 56
25 17 57
25 18 58
25 19 59
25 20 60
25 21 61
25 22 62
25 23 63
25 24 64
26 0 39
26 1 40
26 2 41
26 3 42
26 4 43
26 5 44
26 6 45
26 7 46
26 8 47
26 9 48
26 10 49
26 11 50
26 12 51
26 13 52
26 14 53
26 15 54
26 16 55
26 17 56
26 18 57
26 19 58
26 20 59
26 21 60
26 22 61
26 23 62
26 24 63
26 25 64
27 0 38
27 1 39
27 2 40
27 3 41
27 4 42
27 5 43
27 6 44
27 7 45
27 8 46
27 9 47
27 10 48
27 11 49
27 12 50
27 13 51
27 14 52
27 15 53
27 16 54
27 17 55
27 18 56
27 19 57
27 20 58
27 21 59
27 22 60
27 23 61
27 24 62
27 25 63
27 26 64
28 0 37
28 1 38
28 2 39
28 3 40
28 4 41
28 5 42
28 6 43
28 7 44
28 8 45
28 9 46
28 10 47
28 11 48
28 12 49
28 13 50
28 14 51
28 15 52
28 16 53
28 17 54
28 18 55
28 19 56
28 20 57
28 21 58
28 22 59
28 23 60
28 24 61
28 25 62
28 26 63
28 27 64
29 0 36
29 1 37
29 2 38
29 3 39
29 4 40
29 5 41
29 6 42
29 7 43
29 8 44
29 9 45
29 10 46
29 11 47
29 12 48
29 13 49
29 14 50
29 15 51
29 16 52
29 17 53
29 18 54
29 19 55
29 20 56
29 21 57
29 22 58
29 23 59
29 24 60
29 25 61
29 26 62
29 27 63
29 28 64
30 0 35
30 1 36
30 2 37
30 3 38
30 4 39
30 5 40
30 6 41
30 7 42
30 8 43
30 9 44
30 10 45
30 11 46
30 12 47
30 13 48
30 14 49
30 15 50
30 16 51
30 17 52
30 18 53
30 19 54
30 20 55
30 21 56
30 22 57
30 23 58
30 24 59
30 25 60
30 26 61
30 27 62
30 28 63
30 29 64
31 0 34
31 1 35
31 2 36
31 3 37
31 4 38
31 5 39
31 6 40
31 7 41
31 8 42
31 9 43
31 10 44
31 11 45
31 12 46
31 13 47
31 14 48
31 15 49
31 16 50
31 17 51
31 18 52
31 19 53
31 20 54
31 21 55
31 22 56
31 23 57
31 24 58
31 25 59
31 26 60
31 27 61
31 28 62
31 29 63
31 30 64
32 0 33
32 1 34
32 2 35
32 3 36
32 4 37
32 5 38
32 6 39
32 7 40
32 8 41
32 9 42
32 10 43
32 11 44
32 12 45
32 13 46
32 14 47
32 15 48
32 16 49
32 17 50
32 18 51
32 19 52
32 20 53
32 21 54
32 22 55
32 23 56
32 24 57
32 25 58
32 26 59
32 27 60
32 28 61
32 29 62
32 30 63
32 31 64
33 0 32
33 1 33
33 2 34
33 3 35
33 4 36
33 5 37
33 6 38
33 7 39
33 8 40
33 9 41
33 10 42
33 11 43
33 12 44
33 13 45
33 14 46
33 15 47
33 16 48
33 17 49
33 18 50
33 19 51
33 20 52
33 21 53
33 22 54
33 23 55
33 24 56
33 25 57
33 26 58
33 27 59
33 28 60
33 29 61
33 30 62
33 31 63
33 32 64
34 0 31
34 1 32
34 2 33
34 3 34
34 4 35
34 5 36
34 6 37
34 7 38
34 8 39
34 9 40
34 10 41
34 11 42
34 12 43
34 13 44
34 14 45
34 15 46
34 16 47
34 17 48
34 18 49
34 19 50
34 20 51
34 21 52
34 22 53
34 23 54
34 24 55
34 25 56
34 26 57
34 27 58
34 28 59
34 29 60
34 30 61
34 31 62
34 32 63
34 33 64
35 0 30
35 1 31
35 2 32
35 3 33
35 4 34
35 5 35
35 6 36
35 7 37
35 8 38
35 9 39
35 10 40
35 11 41
35 12 42
35 13 43
35 14 44
35 15 45
35 16 46
35 17 47
35 18 48
35 19 49
35 20 50
35 21 51
35 22 52
35 23 53
35 24 54
35 25 55
35 26 56
35 27 57
35 28 58
35 29 59
35 30 60
35 31 61
35 32 62
35 33 63
35 34 64
36 0 29
36 1 30
36 2 31
36 3 32
36 4 33
36 5 34
36 6 35
36 7 36
36 8 37
36 9 38
36 10 39
36 11 40
36 12 41
36 13 42
36 14 43
36 15 44
36 16 45
36 17 46
36 18 47
36 19 48
36 20 49
36 21 50
36 22 51
36 23 52
36 24 53
36 25 54
36 26 55
36 27 56
36 28 57
36 29 58
36 30 59
36 31 60
36 32 61
36 33 62
36 34 63
36 35 64
37 0 28
37 1 29
37 2 30
37 3 31
37 4 32
37 5 33
37 6 34
37 7 35
37 8 36
37 9 37
37 10 38
37 11 39
37 12 40
37 13 41
37 14 42
37 15 43
37 16 44
37 17 45
37 18 46
37 19 47
37 20 48
37 21 49
37 22 50
37 23 51
37 24 52
37 25 53
37 26 54
37 27 55
37 28 56
37 29 57
37 30 58
37 31 59
37 32 60
37 33 61
37 34 62
37 35 63
37 36 64
38 0 27
38 1 28
38 2 29
38 3 30
38 4 31
38 5 32
38 6 33
38 7 34
38 8 35
38 9 36
38 10 37
38 11 38
38 12 39
38 13 40
38 14 41
38 15 42
38 16 43
38 17 44
38 18 45
38 19 46
38 20 47
38 21 48
38 22 49
38 23 50
38 24 51
38 25 52
38 26 53
38 27 54
38 28 55
38 29 56
38 30 57
38 31 58
38 32 59
38 33 60
38 34 61
38 35 62
38 36 63
38 37 64
39 0 26
39 1 27
39 2 28
39 3 29
39 4 30
39 5 31
39 6 32
39 7 33
39 8 34
39 9 35
39 10 36
39 11 37
39 12 38
39 13 39
39 14 40
39 15 41
39 16 42
39 17 43
39 18 44
39 19 45
39 20 46
39 21 47
39 22 48
39 23 49
39 24 50
39 25 51
39 26 52
39 27 53
39 28 54
39 29 55
39 30 56
39 31 57
39 32 58
39 33 59
39 34 60
39 35 61
39 36 62
39 37 63
39 38 64
40 0 25
40 1 26
40 2 27
40 3 28
40 4 29
40 5 30
40 6 31
40 7 32
40 8 33
40 9 34
40 10 35
40 11 36
40 12 37
40 13 38
40 14 39
40 15 40
40 16 41
40 17 42
40 18 43
40 19 44
40 20 45
40 21 46
40 22 47
40 23 48
40 24 49
40 25 50
40 26 51
40 27 52
40 28 53
40 29 54
40 30 55
40 31 56
40 32 57
40 33 58
40 34 59
40 35 60
40 36 61
40 37 62
40 38 63
40 39 64
41 0 24
41 1 25
41 2 26
41 3 27
41 4 28
41 5 29
41 6 30
41 7 31
41 8 32
41 9 33
41 10 34
41 11 35
41 12 36
41 13 37
41 14 38
41 15 39
41 16 40
41 17 41
41 18 42
41 19 43
41 20 44
41 21 45
41 22 46
41 23 47
41 24 48
41 25 49
41 26 50
41 27 51
41 28 52
41 29 53
41 30 54
41 31 55
41 32 56
41 33 57
41 34 58
41 35 59
41 36 60
41 37 61
41 38 62
41 39 63
41 40 64
42 0 23
42 1 24
42 2 25
42 3 26
42 4 27
42 5 28
42 6 29
42 7 30
42 8 31
42 9 32
42 10 33
42 11 34
42 12 35
42 13 36
42 14 37
42 15 38
42 16 39
42 17 40
42 18 41
42 19 42
42 20 43
42 21 44
42 22 45
42 23 46
42 24 47
42 25 48
42 26 49
42 27 50
42 28 51
42 29 52
42 30 53
42 31 54
42 32 55
42 33 56
42 34 57
42 35 58
42 36 59
42 37 60
42 38 61
42 39 62
42 40 63
42 41 64
43 0 22
43 1 23
43 2 24
43 3 25
43 4 26
43 5 27
43 6 28
43 7 29
43 8 30
43 9 31
43 10 32
43 11 33
43 12 34
43 13 35
43 14 36
43 15 37
43 16 38
43 17 39
43 18 40
43 19 41
43 20 42
43 21 43
43 22 44
43 23 45
43 24 46
43 25 47
43 26 48
43 27 49
43 28 50
43 29 51
43 30 52
43 31 53
43 32 54
43 33 55
43 34 56
43 35 57
43 36 58
43 37 59
43 38 60
43 39 61
43 40 62
43 41 63
43 42 64
44 0 21
44 1 22
44 2 23
44 3 24
44 4 25
44 5 26
44 6 27
44 7 28
44 8 29
44 9 30
44 10 31
44 11 32
44 12 33
44 13 34
44 14 35
44 15 36
44 16 37
44 17 38
44 18 39
44 19 40
44 20 41
44 21 42
44 22 43
44 23 44
44 24 45
44 25 46
44 26 47
44 27 48
44 28 49
44 29 50
44 30 51
44 31 52
44 32 53
44 33 54
44 34 55
44 35 56
44 36 57
44 37 58
44 38 59
44 39 60
44 40 61
44 41 62
44 42 63
44 43 64
45 0 20
45 1 21
45 2 22
45 3 23
45 4 24
45 5 25
45 6 26
45 7 27
45 8 28
45 9 29
45 10 30
45 11 31
45 12 32
45 13 33
45 14 34
45 15 35
45 16 36
45 17 37
45 18 38
45 19 39
45 20 40
45 21 41
45 22 42
45 23 43
45 24 44
45 25 45
45 26 46
45 27 47
45 28 48
45 29 49
45 30 50
45 31 51
45 32 52
45 33 53
45 34 54
45 35 55
45 36 56
45 37 57
45 38 58
45 39 59
45 40 60
45 41 61
45 42 62
45 43 63
45 44 64
46 0 19
46 1 20
46 2 21
46 3 22
46 4 23
46 5 24
46 6 25
46 7 26
46 8 27
46 9 28
46 10 29
46 11 30
46 12 31
46 13 32
46 14 33
46 15 34
46 16 35
46 17 36
46 18 37
46 19 38
46 20 39
46 21 40
46 22 41
46 23 42
46 24 43
46 25 44
46 26 45
46 27 46
46 28 47
46 29 48
46 30 49
46 31 50
46 32 51
46 33 52
46 34 53
46 35 54
46 36 55
46 37 56
46 38 57
46 39 58
46 40 59
46 41 60
46 42 61
46 43 62
46 44 63
46 45 64
47 0 18
47 1 19
47 2 20
47 3 21
47 4 22
47 5 23
47 6 24
47 7 25
47 8 26
47 9 27
47 10 28
47 11 29
47 12 30
47 13 31
47 14 32
47 15 33
47 16 34
47 17 35
47 18 36
47 19 37
47 20 38
47 21 39
47 22 40
47 23 41
47 24 42
47 25 43
47 26 44
47 27 45
47 28 46
47 29 47
47 30 48
47 31 49
47 32 50
47 33 51
47 34 52
47 35 53
47 36 54
47 37 55
47 38 56
47 39 57
47 40 58
47 41 59
47 42 60
47 43 61
47 44 62
47 45 63
47 46 64
48 0 17
48 1 18
48 2 19
48 3 20
48 4 21
48 5 22
48 6 23
48 7 24
48 8 25
48 9 26
48 10 27
48 11 28
48 12 29
48 13 30
48 14 31
48 15 32
48 16 33
48 17 34
48 18 35
48 19 36
48 20 37
48 21 38
48 22 39
48 23 40
48 24 41
48 25 42
48 26 43
48 27 44
48 28 45
48 29 46
48 30 47
48 31 48
48 32 49
48 33 50
48 34 51
48 35 52
48 36 53
48 37 54
48 38 55
48 39 56
48 40 57
48 41 58
48 42 59
48 43 60
48 44 61
48 45 62
48 46 63
48 47 64
49 0 16
49 1 17
49 2 18
49 3 19
49 4 20
49 5 21
49 6 22
49 7 23
49 8 24
49 9 25
49 10 26
49 11 27
49 12 28
49 13 29
49 14 30
49 15 31
49 16 32
49 17 33
49 18 34
49 19 35
49 20 36
49 21 37
49 22 38
49 23 39
49 24 40
49 25 41
49 26 42
49 27 43
49 28 44
49 29 45
49 30 46
49 31 47
49 32 48
49 33 49
49 34 50
49 35 51
49 36 52
49 37 53
49 38 54
49 39 55
49 40 56
49 41 57
49 42 58
49 43 59
49 44 60
49 45 61
49 46 62
49 47 63
49 48 64
50 0 15
50 1 16
50 2 17
50 3 18
50 4 19
50 5 20
50 6 21
50 7 22
50 8 23
50 9 24
50 10 25
50 11 26
50 12 27
50 13 28
50 14 29
50 15 30
50 16 31
50 17 32
50 18 33
50 19 34
50 20 35
50 21 36
50 22 37
50 23 38
50 24 39
50 25 40
50 26 41
50 27 42
50 28 43
50 29 44
50 30 45
50 31 46
50 32 47
50 33 48
50 34 49
50 35 50
50 36 51
50 37 52
50 38 53
50 39 54
50 40 55
50 41 56
50 42 57
50 43 58
50 44 59
50 45 60
50 46 61
50 47 62
50 48 63
50 49 64
51 0 14
51 1 15
51 2 16
51 3 17
51 4 18
51 5 19
51 6 20
51 7 21
51 8 22
51 9 23
51 10 24
51 11 25
51 12 26
51 13 27
51 14 28
51 15 29
51 16 30
51 17 31
51 18 32
51 19 33
51 20 34
51 21 35
51 22 36
51 23 37
51 24 38
51 25 39
51 26 40
51 27 41
51 28 42
51 29 43
51 30 44
51 31 45
51 32 46
51 33 47
51 34 48
51 35 49
51 36 50
51 37 51
51 38 52
51 39 53
51 40 54
51 41 55
51 42 56
51 43 57
51 44 58
51 45 59
51 46 60
51 47 61
51 48 62
51 49 63
51 50 64
52 0 13
52 1 14
52 2 15
52 3 16
52 4 17
52 5 18
52 6 19
52 7 20
52 8 21
52 9 22
52 10 23
52 11 24
52 12 25
52 13 26
52 14 27
52 15 28
52 16 29
52 17 30
52 18 31
52 19 32
52 20 33
52 21 34
52 22 35
52 23 36
52 24 37
52 25 38
52 26 39
52 27 40
52 28 41
52 29 42
52 30 43
52 31 44
52 32 45
52 33 46
52 34 47
52 35 48
52 36 49
52 37 50
52 38 51
52 39 52
52 40 53
52 41 54
52 42 55
52 43 56
52 44 57
52 45 58
52 46 59
52 47 60
52 48 61
52 49 62
52 50 63
52 51 64
53 0 12
53 1 13
53 2 14
53 3 15
53 4 16
53 5 17
53 6 18
53 7 19
53 8 20
53 9 21
53 10 22
53 11 23
53 12 24
53 13 25
53 14 26
53 15 27
53 16 28
53 17 29
53 18 30
53 19 31
53 20 32
53 21 33
53 22 34
53 23 35
53 24 36
53 25 37
53 26 38
53 27 39
53 28 40
53 29 41
53 30 42
53 31 43
53 32 44
53 33 45
53 34 46
53 35 47
53 36 48
53 37 49
53 38 50
53 39 51
53 40 52
53 41 53
53 42 54
53 43 55
53 44 56
53 45 57
53 46 58
53 47 59
53 48 60
53 49 61
53 50 62
53 51 63
53 52 64
54 0 11
54 1 12
54 2 13
54 3 14
54 4 15
54 5 16
54 6 17
54 7 18
54 8 19
54 9 20
54 10 21
54 11 22
54 12 23
54 13 24
54 14 25
54 15 26
54 16 27
54 17 28
54 18 29
54 19 30
54 20 31
54 21 32
54 22 33
54 23 34
54 24 35
54 25 36
54 26 37
54 27 38
54 28 39
54 29 40
54 30 41
54 31 42
54 32 43
54 33 44
54 34 45
54 35 46
54 36 47
54 37 48
54 38 49
54 39 50
54 40 51
54 41 52
54 42 53
54 43 54
54 44 55
54 45 56
54 46 57
54 47 58
54 48 59
54 49 60
54 50 61
54 51 62
54 52 63
54 53 64
55 0 10
55 1 11
55 2 12
55 3 13
55 4 14
55 5 15
55 6 16
55 7 17
55 8 18
55 9 19
55 10 20
55 11 21
55 12 22
55 13 23
55 14 24
55 15 25
55 16 26
55 17 27
55 18 28
55 19 29
55 20 30
55 21 31
55 22 32
55 23 33
55 24 34
55 25 35
55 26 36
55 27 37
55 28 38
55 29 39
55 30 40
55 31 41
55 32 42
55 33 43
55 34 44
55 35 45
55 36 46
55 37 47
55 38 48
55 39 49
55 40 50
55 41 51
55 42 52
55 43 53
55 44 54
55 45 55
55 46 56
55 47 57
55 48 58
55 49 59
55 50 60
55 51 61
55 52 62
55 53 63
55 54 64
56 0 9
56 1 10
56 2 11
56 3 12
56 4 13
56 5 14
56 6 15
56 7 16
56 8 17
56 9 18
56 10 19
56 11 20
56 12 21
56 13 22
56 14 23
56 15 24
56 16 25
56 17 26
56 18 27
56 19 28
56 20 29
56 21 30
56 22 31
56 23 32
56 24 33
56 25 34
56 26 35
56 27 36
56 28 37
56 29 38
56 30 39
56 31 40
56 32 41
56 33 42
56 34 43
56 35 44
56 36 45
56 37 46
56 38 47
56 39 48
56 40 49
56 41 50
56 42 51
56 43 52
56 44 53
56 45 54
56 46 55
56 47 56
56 48 57
56 49 58
56 50 59
56 51 60
56 52 61
56 53 62
56 54 63
56 55 64
57 0 8
57 1 9
57 2 10
57 3 11
57 4 12
57 5 13
57 6 14
57 7 15
57 8 16
57 9 17
57 10 18
57 11 19
57 12 20
57 13 21
57 14 22
57 15 23
57 16 24
57 17 25
57 18 26
57 19 27
57 20 28
57 21 29
57 22 30
57 23 31
57 24 32
57 25 33
57 26 34
57 27 35
57 28 36
57 29 37
57 30 38
57 31 39
57 32 40
57 33 41
57 34 42
57 35 43
57 36 44
57 37 45
57 38 46
57 39 47
57 40 48
57 41 49
57 42 50
57 43 51
57 44 52
57 45 53
57 46 54
57 47 55
57 48 56
57 49 57
57 50 58
57 51 59
57 52 60
57 53 61
57 54 62
57 55 63
57 56 64
58 0 7
58 1 8
58 2 9
58 3 10
58 4 11
58 5 12
58 6 13
58 7 14
58 8 15
58 9 16
58 10 17
58 11 18
58 12 19
58 13 20
58 14 21
58 15 22
58 16 23
58 17 24
58 18 25
58 19 26
58 20 27
58 21 28
58 22 29
58 23 30
58 24 31
58 25 32
58 26 33
58 27 34
58 28 35
58 29 36
58 30 37
58 31 38
58 32 39
58 33 40
58 34 41
58 35 42
58 36 43
58 37 44
58 38 45
58 39 46
58 40 47
58 41 48
58 42 49
58 43 50
58 44 51
58 45 52
58 46 53
58 47 54
58 48 55
58 49 56
58 50 57
58 51 58
58 52 59
58 53 60
58 54 61
58 55 62
58 56 63
58 57 64
59 0 6
59 1 7
59 2 8
59 3 9
59 4 10
59 5 11
59 6 12
59 7 13
59 8 14
59 9 15
59 10 16
59 11 17
59 12 18
59 13 19
59 14 20
59 15 21
59 16 22
59 17 23
59 18 24
59 19 25
59 20 26
59 21 27
59 22 28
59 23 29
59 24 30
59 25 31
59 26 32
59 27 33
59 28 34
59 29 35
59 30 36
59 31 37
59 32 38
59 33 39
59 34 40
59 35 41
59 36 42
59 37 43
59 38 44
59 39 45
59 40 46
59 41 47
59 42 48
59 43 49
59 44 50
59 45 51
59 46 52
59 47 53
59 48 54
59 49 55
59 50 56
59 51 57
59 52 58
59 53 59
59 54 60
59 55 61
59 56 62
59 57 63
59 58 64
60 0 5
60 1 6
60 2 7
60 3 8
60 4 9
60 5 10
60 6 11
60 7 12
60 8 13
60 9 14
60 10 15
60 11 16
60 12 17
60 13 18
60 14 19
60 15 20
60 16 21
60 17 22
60 18 23
60 19 24
60 20 25
60 21 26
60 22 27
60 23 28
60 24 29
60 25 30
60 26 31
60 27 32
60 28 33
60 29 34
60 30 35
60 31 36
60 32 37
60 33 38
60 34 39
60 35 40
60 36 41
60 37 42
60 38 43
60 39 44
60 40 45
60 41 46
60 42 47
60 43 48
60 44 49
60 45 50
60 46 51
60 47 52
60 48 53
60 49 54
60 50 55
60 51 56
60 52 57
60 53 58
60 54 59
60 55 60
60 56 61
60 57 62
60 58 63
60 59 64
61 0 4
61 1 5
61 2 6
61 3 7
61 4 8
61 5 9
61 6 10
61 7 11
61 8 12
61 9 13
61 10 14
61 11 15
61 12 16
61 13 17
61 14 18
61 15 19
61 16 20
61 17 21
61 18 22
61 19 23
61 20 24
61 21 25
61 22 26
61 23 27
61 24 28
61 25 29
61 26 30
61 27 31
61 28 32
61 29 33
61 30 34
61 31 35
61 32 36
61 33 37
61 34 38
61 35 39
61 36 40
61 37 41
61 38 42
61 39 43
61 40 44
61 41 45
61 42 46
61 43 47
61 44 48
61 45 49
61 46 50
61 47 51
61 48 52
61 49 53
61 50 54
61 51 55
61 52 56
61 53 57
61 54 58
61 55 59
61 56 60
61 57 61
61 58 62
61 59 63
61 60 64
62 0 3
62 1 4
62 2 5
62 3 6
62 4 7
62 5 8
62 6 9
62 7 10
62 8 11
62 9 12
62 10 13
62 11 14
62 12 15
62 13 16
62 14 17
62 15 18
62 16 19
62 17 20
62 18 21
62 19 22
62 20 23
62 21 24
62 22 25
62 23 26
62 24 27
62 25 28
62 26 29
62 27 30
62 28 31
62 29 32
62 30 33
62 31 34
62 32 35
62 33 36
62 34 37
62 35 38
62 36 39
62 37 40
62 38 41
62 39 42
62 40 43
62 41 44
62 42 45
62 43 46
62 44 47
62 45 48
62 46 49
62 47 50
62 48 51
62 49 52
62 50 53
62 51 54
62 52 55
62 53 56
62 54 57
62 55 58
62 56 59
62 57 60
62 58 61
62 59 62
62 60 63
62 61 64
63 0 2
63 1 3
63 2 4
63 3 5
63 4 6
63 5 7
63 6 8
63 7 9
63 8 10
63 9 11
63 10 12
63 11 13
63 12 14
63 13 15
63 14 16
63 15 17
63 16 18
63 17 19
63 18 20
63 19 21
63 20 22
63 21 23
63 22 24
63 23 25
63 24 26
63 25 27
63 26 28
63 27 29
63 28 30
63 29 31
63 30 32
63 31 33
63 32 34
63 33 35
63 34 36
63 35 37
63 36 38
63 37 39
63 38 40
63 39 41
63 40 42
63 41 43
63 42 44
63 43 45
63 44 46
63 45 47
63 46 48
63 47 49
63 48 50
63 49 51
63 50 52
63 51 53
63 52 54
63 53 55
63 54 56
63 55 57
63 56 58
63 57 59
63 58 60
63 59 61
63 60 62
63 61 63
63 62 64
64 0 1
64 1 2
64 2 3
64 3 4
64 4 5
64 5 6
64 6 7
64 7 8
64 8 9
64 9 10
64 10 11
64 11 12
64 12 13
64 13 14
64 14 15
64 15 16
64 16 17
64 17 18
64 18 19
64 19 20
64 20 21
64 21 22
64 22 23
64 23 24
64 24 25
64 25 26
64 26 27
64 27 28
64 28 29
64 29 30
64 30 31
64 31 32
64 32 33
64 33 34
64 34 35
64 35 36
64 36 37
64 37 38
64 38 39
64 39 40
64 40 41
64 41 42
64 42 43
64 43 44
64 44 45
64 45 46
64 46 47
64 47 48
64 48 49
64 49 50
64 50 51
64 51 52
64 52 53
64 53 54
64 54 55
64 55 56
64 56 57
64 57 58
64 58 59
64 59 60
64 60 61
64 61 62
64 62 63
64 63 64
